5.000000000E-1 , 6.169863478E0 , 1.517708938E0 , -8.405653561E-4 , 2.728593242E-4 , 8.837433613E-4
1.000000000E0 , 6.169831776E0 , 1.517903885E0 , -1.172170822E-3 , 8.631681427E-4 , 1.455693539E-3
1.500000000E0 , 6.168691307E0 , 1.518572106E0 , -1.416886172E-3 , 9.576152056E-4 , 1.710144236E-3
2.000000000E0 , 6.168414890E0 , 1.518861500E0 , 7.894829317E-4 , 3.723498632E-4 , 8.728847118E-4
2.500000000E0 , 6.169480790E0 , 1.518944456E0 , -1.806111928E-3 , 1.274768289E-3 , 2.210672858E-3
3.000000000E0 , 6.166608778E0 , 1.520136268E0 , -9.933635203E-4 , 1.863325536E-3 , 2.111575984E-3
3.500000000E0 , 6.168487427E0 , 1.520807781E0 , 2.933023214E-3 , 2.321751057E-3 , 3.740742326E-3
4.000000000E0 , 6.169541802E0 , 1.522458019E0 , 1.208411109E-3 , 2.369314666E-3 , 2.659682198E-3
4.500000000E0 , 6.169695838E0 , 1.523177096E0 , 1.983929186E-4 , 1.290099550E-3 , 1.305264953E-3
5.000000000E0 , 6.169740194E0 , 1.523748119E0 , -4.133354115E-4 , 5.630733080E-4 , 6.984967520E-4
5.500000000E0 , 6.169282502E0 , 1.523740169E0 , -2.150844017E-3 , 2.240467192E-3 , 3.105772565E-3
6.000000000E0 , 6.167589350E0 , 1.525988586E0 , -1.693140771E-3 , 2.248209164E-3 , 2.814457339E-3
6.500000000E0 , 6.167589362E0 , 1.525988378E0 , 6.424007093E-9 , -1.202530756E-7 , 1.204245410E-7
7.000000000E0 , 6.167589357E0 , 1.525988466E0 , -2.840135236E-4 , 4.883411648E-3 , 4.891663623E-3
7.500000000E0 , 6.167305348E0 , 1.530871790E0 , -9.560608313E-5 , 5.205309796E-3 , 5.206187722E-3
8.000000000E0 , 6.167493751E0 , 1.531193776E0 , 6.324259029E-4 , 2.891931511E-4 , 6.954100958E-4
8.500000000E0 , 6.167937774E0 , 1.531160983E0 , 2.557858305E-4 , 1.643208984E-3 , 1.662997942E-3
9.000000000E0 , 6.167749537E0 , 1.532836985E0 , -2.745440121E-4 , 3.048805195E-3 , 3.061141540E-3
9.500000000E0 , 6.167663230E0 , 1.534209788E0 , 6.209295571E-4 , 1.590342395E-3 , 1.707261682E-3
1.000000000E1 , 6.168370466E0 , 1.534427327E0 , 3.243256201E-4 , 6.125359479E-3 , 6.133939668E-3
1.050000000E1 , 6.167987555E0 , 1.540335148E0 , 9.685903062E-5 , 9.288719023E-3 , 9.289224013E-3
1.100000000E1 , 6.168467325E0 , 1.543716046E0 , 1.467331358E-3 , 4.894820590E-3 , 5.110022497E-3
1.150000000E1 , 6.169454887E0 , 1.545229969E0 , 2.492777106E-6 , 1.241208663E-2 , 1.241208688E-2
1.200000000E1 , 6.168469818E0 , 1.556128133E0 , -6.106580329E-4 , 1.169615324E-2 , 1.171208367E-2
1.250000000E1 , 6.168844229E0 , 1.556926122E0 , 1.453552188E-3 , 8.280793265E-4 , 1.672880550E-3
1.300000000E1 , 6.169923370E0 , 1.556956212E0 , 1.018802373E-3 , 6.337020835E-3 , 6.418394763E-3
1.350000000E1 , 6.169863031E0 , 1.563263143E0 , -6.384737144E-5 , 6.303383021E-3 , 6.303706370E-3
1.400000000E1 , 6.169859523E0 , 1.563259595E0 , -1.592958825E-4 , -5.480140567E-5 , 1.684588147E-4
1.450000000E1 , 6.169703735E0 , 1.563208341E0 , 4.071770140E-3 , 1.816016546E-2 , 1.861104300E-2
1.500000000E1 , 6.173931293E0 , 1.581419760E0 , 5.999289759E-3 , 2.018408808E-2 , 2.105680150E-2
1.550000000E1 , 6.175703025E0 , 1.583392429E0 , 1.524088145E-3 , 2.210158103E-3 , 2.684705480E-3
1.600000000E1 , 6.175455381E0 , 1.583629918E0 , 1.301578121E-3 , 5.463694427E-3 , 5.616588146E-3
1.650000000E1 , 6.177004603E0 , 1.588856124E0 , 7.341328024E-4 , 8.192451051E-3 , 8.225278426E-3
1.700000000E1 , 6.176189514E0 , 1.591822370E0 , -1.783846422E-3 , 3.255797167E-3 , 3.712455151E-3
1.750000000E1 , 6.175220757E0 , 1.592111921E0 , -2.859618503E-3 , 7.463034744E-3 , 7.992140238E-3
1.800000000E1 , 6.173329895E0 , 1.599285404E0 , -2.143007509E-3 , 8.449068425E-3 , 8.716607049E-3
1.850000000E1 , 6.173077749E0 , 1.600560989E0 , 5.694209623E-4 , 1.525280930E-3 , 1.628103851E-3
1.900000000E1 , 6.173899316E0 , 1.600810685E0 , -8.705140964E-5 , 3.668152046E-3 , 3.669184839E-3
1.950000000E1 , 6.172990698E0 , 1.604229141E0 , -5.480852189E-4 , 3.879902529E-3 , 3.918423285E-3
2.000000000E1 , 6.173351231E0 , 1.604690588E0 , 3.387462457E-4 , 1.866017805E-3 , 1.896515612E-3
2.050000000E1 , 6.173329444E0 , 1.606095159E0 , -5.846650091E-4 , 2.784916595E-3 , 2.845627104E-3
2.100000000E1 , 6.172766566E0 , 1.607475504E0 , -3.954660412E-4 , 1.567773021E-3 , 1.616881454E-3
2.150000000E1 , 6.172933978E0 , 1.607662932E0 , 4.802095103E-4 , 5.351104221E-5 , 4.831817520E-4
2.200000000E1 , 6.173246776E0 , 1.607529015E0 , 1.067635989E-3 , 8.662899996E-3 , 8.728441038E-3
2.250000000E1 , 6.174001614E0 , 1.616325832E0 , 9.300351075E-4 , 9.276069393E-3 , 9.322576290E-3
2.300000000E1 , 6.174176811E0 , 1.616805085E0 , 3.337741519E-4 , 3.060230449E-4 , 4.528303087E-4
2.350000000E1 , 6.174335388E0 , 1.616631855E0 , 4.478327458E-4 , 3.685157092E-3 , 3.712268439E-3
2.400000000E1 , 6.174624643E0 , 1.620490242E0 , 3.682950329E-4 , 6.551469434E-3 , 6.561813239E-3
2.450000000E1 , 6.174703683E0 , 1.623183325E0 , 1.931504242E-3 , 3.002070829E-3 , 3.569753198E-3
2.500000000E1 , 6.176556148E0 , 1.623492313E0 , 1.860643729E-3 , 6.288250646E-3 , 6.557750473E-3
2.550000000E1 , 6.176564327E0 , 1.629471575E0 , -3.479686790E-4 , 7.696998645E-3 , 7.704860176E-3
2.600000000E1 , 6.176208179E0 , 1.631189311E0 , 1.274503374E-3 , 2.293606420E-3 , 2.623926307E-3
2.650000000E1 , 6.177838830E0 , 1.631765182E0 , -4.367190242E-4 , 6.835492485E-3 , 6.849429248E-3
2.700000000E1 , 6.175771460E0 , 1.638024804E0 , -1.614226912E-3 , 8.426583489E-3 , 8.579804067E-3
2.750000000E1 , 6.176224603E0 , 1.640191765E0 , 2.101210188E-4 , 2.155731402E-3 , 2.165947534E-3
2.800000000E1 , 6.175981581E0 , 1.640180535E0 , -2.886685731E-4 , 9.248426601E-3 , 9.252930570E-3
2.850000000E1 , 6.175935935E0 , 1.649440192E0 , -4.564363421E-5 , 9.259672095E-3 , 9.259784589E-3
2.900000000E1 , 6.175935937E0 , 1.649440207E0 , 1.473799927E-8 , 9.023221084E-8 , 9.142789780E-8
2.950000000E1 , 6.175935950E0 , 1.649440282E0 , 9.241883613E-3 , 1.918732402E-2 , 2.129708468E-2
3.000000000E1 , 6.185177821E0 , 1.668627531E0 , 9.240896762E-3 , 1.933696267E-2 , 2.143157246E-2
3.050000000E1 , 6.185176846E0 , 1.668777245E0 , 8.011412432E-5 , 7.580020199E-4 , 7.622239403E-4
3.100000000E1 , 6.185257935E0 , 1.669385533E0 , 7.529915858E-4 , 3.250010626E-3 , 3.336100327E-3
3.150000000E1 , 6.185929838E0 , 1.672027255E0 , 5.624572676E-5 , 5.851712159E-3 , 5.851982466E-3
3.200000000E1 , 6.185314181E0 , 1.675237246E0 , -1.856241730E-4 , 4.833902596E-3 , 4.837465312E-3
3.250000000E1 , 6.185744214E0 , 1.676861158E0 , -2.279614664E-3 , 8.679183008E-3 , 8.973564549E-3
3.300000000E1 , 6.183034566E0 , 1.683916429E0 , -2.991073443E-3 , 8.517854700E-3 , 9.027755481E-3
3.350000000E1 , 6.182753140E0 , 1.685379013E0 , -4.248407407E-4 , 2.248634261E-3 , 2.288415542E-3
3.400000000E1 , 6.182609725E0 , 1.686165063E0 , -4.206772892E-4 , 3.887202073E-3 , 3.909898891E-3
3.450000000E1 , 6.182332463E0 , 1.689266215E0 , -3.509022127E-5 , 3.715508475E-3 , 3.715674172E-3
3.500000000E1 , 6.182574635E0 , 1.689880571E0 , 6.170762895E-4 , 4.768838786E-4 , 7.798726696E-4
3.550000000E1 , 6.182949539E0 , 1.689743099E0 , -2.444811554E-4 , 1.236010598E-3 , 1.259957631E-3
3.600000000E1 , 6.182330154E0 , 1.691116582E0 , -5.630965464E-4 , 1.280913137E-3 , 1.399219849E-3
3.650000000E1 , 6.182386443E0 , 1.691024012E0 , -6.790215372E-5 , 2.813685361E-4 , 2.894459459E-4
3.700000000E1 , 6.182262252E0 , 1.691397950E0 , 3.525172564E-4 , 5.062605292E-3 , 5.074863620E-3
3.750000000E1 , 6.182738960E0 , 1.696086617E0 , 4.600087374E-4 , 4.778856366E-3 , 4.800945345E-3
3.800000000E1 , 6.182722261E0 , 1.696176807E0 , 1.071123465E-3 , 1.992454645E-4 , 1.089497238E-3
3.850000000E1 , 6.183810083E0 , 1.696285862E0 , 2.974341653E-4 , 1.151952479E-3 , 1.189731733E-3
3.900000000E1 , 6.183019695E0 , 1.697328759E0 , -6.408008654E-4 , 1.877087112E-3 , 1.983451985E-3
3.950000000E1 , 6.183169283E0 , 1.698162950E0 , -2.311547090E-4 , 9.034982014E-4 , 9.325993242E-4
4.000000000E1 , 6.182788540E0 , 1.698232257E0 , -1.918454205E-3 , 2.287909462E-3 , 2.985799096E-3
4.050000000E1 , 6.181250828E0 , 1.700450859E0 , -1.088206624E-3 , 2.744522282E-3 , 2.952388222E-3
4.100000000E1 , 6.181700333E0 , 1.700976780E0 , 1.285023538E-3 , 7.775690096E-4 , 1.501965066E-3
4.150000000E1 , 6.182535852E0 , 1.701228428E0 , 8.394438072E-4 , 1.408932588E-3 , 1.640047848E-3
4.200000000E1 , 6.182539777E0 , 1.702385712E0 , -9.878967453E-5 , 1.512505114E-3 , 1.515727917E-3
4.250000000E1 , 6.182437062E0 , 1.702740933E0 , -1.461784317E-4 , 3.746364586E-4 , 4.021450112E-4
4.300000000E1 , 6.182393599E0 , 1.702760349E0 , -1.737543248E-3 , 1.521213733E-3 , 2.309360898E-3
4.350000000E1 , 6.180699519E0 , 1.704262147E0 , -1.691916017E-3 , 1.501673580E-3 , 2.262212048E-3
4.400000000E1 , 6.180701683E0 , 1.704262022E0 , -1.016005646E-4 , 1.574965677E-5 , 1.028140380E-4
4.450000000E1 , 6.180597918E0 , 1.704277897E0 , 1.645597057E-4 , 2.071086765E-3 , 2.077614085E-3
4.500000000E1 , 6.180866243E0 , 1.706333109E0 , 6.899919180E-4 , 2.403020965E-3 , 2.500119718E-3
4.550000000E1 , 6.181287910E0 , 1.706680918E0 , 4.977016746E-4 , 3.361155796E-4 , 6.005669319E-4
4.600000000E1 , 6.181363944E0 , 1.706669225E0 , -1.623358341E-4 , 1.743301828E-3 , 1.750843850E-3
4.650000000E1 , 6.181125575E0 , 1.708424219E0 , 1.065671471E-3 , 2.525206324E-3 , 2.740861664E-3
4.700000000E1 , 6.182429616E0 , 1.709194431E0 , 9.610061803E-4 , 9.405298131E-4 , 1.344666951E-3
4.750000000E1 , 6.182086581E0 , 1.709364749E0 , 1.714758738E-3 , 1.762096014E-3 , 2.458735425E-3
4.800000000E1 , 6.184144374E0 , 1.710956527E0 , 2.187179404E-3 , 2.919447309E-3 , 3.647865998E-3
4.850000000E1 , 6.184273760E0 , 1.712284196E0 , -6.820394947E-4 , 2.120148030E-3 , 2.227151890E-3
4.900000000E1 , 6.183462335E0 , 1.713076675E0 , -1.124119581E-3 , 4.441893744E-3 , 4.581928072E-3
4.950000000E1 , 6.183149641E0 , 1.716726090E0 , 3.804979619E-4 , 4.095613796E-3 , 4.113250669E-3
5.000000000E1 , 6.183842833E0 , 1.717172289E0 , 3.729451458E-5 , 5.094811043E-4 , 5.108442781E-4
5.050000000E1 , 6.183186935E0 , 1.717235571E0 , -2.973939945E-4 , 2.668515641E-3 , 2.685036111E-3
5.100000000E1 , 6.183545439E0 , 1.719840804E0 , 3.539671575E-4 , 2.597517532E-3 , 2.621524381E-3
5.150000000E1 , 6.183540902E0 , 1.719833089E0 , 3.687955516E-4 , 9.520363981E-4 , 1.020971822E-3
5.200000000E1 , 6.183914234E0 , 1.720792841E0 , 3.982340600E-3 , 9.696175471E-3 , 1.048212075E-2
5.250000000E1 , 6.187523243E0 , 1.729529264E0 , 5.152484969E-3 , 1.048056041E-2 , 1.167862355E-2
5.300000000E1 , 6.189066719E0 , 1.731273401E0 , 1.525890064E-3 , 1.984823969E-3 , 2.503570785E-3
5.350000000E1 , 6.189049133E0 , 1.731514088E0 , 2.572422718E-3 , 4.222348157E-3 , 4.944247425E-3
5.400000000E1 , 6.191639142E0 , 1.735495749E0 , 1.368583070E-3 , 8.263680468E-3 , 8.376242265E-3
5.450000000E1 , 6.190417716E0 , 1.739777769E0 , -1.779041102E-4 , 7.595195910E-3 , 7.597279170E-3
5.500000000E1 , 6.191461238E0 , 1.743090945E0 , 7.277442416E-3 , 1.140392119E-2 , 1.352814055E-2
5.550000000E1 , 6.197695158E0 , 1.751181690E0 , 5.876551382E-3 , 1.244301789E-2 , 1.376090660E-2
5.600000000E1 , 6.197337789E0 , 1.755533963E0 , 2.791535533E-4 , 4.777207177E-3 , 4.785356321E-3
5.650000000E1 , 6.197974312E0 , 1.755958897E0 , -3.220739393E-4 , 1.105454290E-2 , 1.105923371E-2
5.700000000E1 , 6.197015715E0 , 1.766588506E0 , -2.328682465E-3 , 1.421164536E-2 , 1.440116752E-2
5.750000000E1 , 6.195645629E0 , 1.770170542E0 , -9.214992623E-4 , 4.027591586E-3 , 4.131664904E-3
5.800000000E1 , 6.196094216E0 , 1.770616098E0 , 7.379998434E-5 , 5.989676753E-3 , 5.990131388E-3
5.850000000E1 , 6.195719429E0 , 1.776160219E0 , -4.487444726E-4 , 5.486906361E-3 , 5.505225974E-3
5.900000000E1 , 6.195645472E0 , 1.776103004E0 , -1.254085308E-3 , 9.882513994E-4 , 1.596674916E-3
5.950000000E1 , 6.194465344E0 , 1.777148471E0 , 2.305896593E-3 , 1.036594947E-2 , 1.061932519E-2
6.000000000E1 , 6.197951368E0 , 1.786468954E0 , 3.613072443E-3 , 9.688464809E-3 , 1.034024385E-2
6.050000000E1 , 6.198078417E0 , 1.786836935E0 , -3.631139487E-4 , 9.742090932E-4 , 1.039680286E-3
6.100000000E1 , 6.197588254E0 , 1.787443163E0 , -5.498175886E-4 , 2.854650073E-3 , 2.907116513E-3
6.150000000E1 , 6.197528599E0 , 1.789691586E0 , -5.106497190E-4 , 4.782553004E-3 , 4.809737661E-3
6.200000000E1 , 6.197077605E0 , 1.792225716E0 , -1.900833147E-3 , 4.412643087E-3 , 4.804642096E-3
6.250000000E1 , 6.195627766E0 , 1.794104229E0 , -2.934900411E-3 , 7.691139738E-3 , 8.232087882E-3
6.300000000E1 , 6.194142704E0 , 1.799916855E0 , -1.761815026E-3 , 6.445032510E-3 , 6.681499551E-3
6.350000000E1 , 6.193865951E0 , 1.800549261E0 , 8.685521384E-4 , 5.847800154E-4 , 1.047067564E-3
6.400000000E1 , 6.195011256E0 , 1.800501635E0 , 8.692099709E-4 , 2.583646204E-3 , 2.725940880E-3
6.450000000E1 , 6.194735161E0 , 1.803132907E0 , -2.368699058E-5 , 4.174695042E-3 , 4.174762241E-3
6.500000000E1 , 6.194987569E0 , 1.804676330E0 , 2.089364814E-3 , 2.155256430E-3 , 3.001762083E-3
6.550000000E1 , 6.196824526E0 , 1.805288164E0 , 3.080303119E-3 , 4.463919241E-3 , 5.423545178E-3
6.600000000E1 , 6.198067873E0 , 1.809140250E0 , 1.278201545E-3 , 3.849378028E-3 , 4.056046152E-3
6.650000000E1 , 6.198102727E0 , 1.809137542E0 , -4.011833599E-4 , 3.546688264E-6 , 4.011990369E-4
6.700000000E1 , 6.197666689E0 , 1.809143796E0 , 7.932583282E-4 , 1.001465034E-2 , 1.004601812E-2
6.750000000E1 , 6.198895985E0 , 1.819152192E0 , 8.903018912E-4 , 1.104234343E-2 , 1.107817611E-2
6.800000000E1 , 6.198556991E0 , 1.820186140E0 , -1.653884679E-3 , 3.644950513E-3 , 4.002623986E-3
6.850000000E1 , 6.197242101E0 , 1.822797143E0 , -1.334475249E-3 , 8.295139392E-3 , 8.401795149E-3
6.900000000E1 , 6.197222516E0 , 1.828481279E0 , 1.500990260E-4 , 1.161105573E-2 , 1.161202587E-2
6.950000000E1 , 6.197392200E0 , 1.834408198E0 , -5.706365690E-4 , 1.058837635E-2 , 1.060374178E-2
7.000000000E1 , 6.196651879E0 , 1.839069656E0 , 7.769587431E-3 , 1.659019370E-2 , 1.831941636E-2
7.050000000E1 , 6.205161787E0 , 1.850998392E0 , 9.363318197E-3 , 1.298716394E-2 , 1.601056385E-2
7.100000000E1 , 6.206015197E0 , 1.852056820E0 , 2.819897483E-3 , 3.205760685E-3 , 4.269510907E-3
7.150000000E1 , 6.207981685E0 , 1.854204153E0 , 2.905131435E-3 , 6.433690030E-3 , 7.059189476E-3
7.200000000E1 , 6.208920329E0 , 1.858490510E0 , 1.114566536E-3 , 5.658873984E-3 , 5.767591640E-3
7.250000000E1 , 6.209096251E0 , 1.859863027E0 , 1.565283159E-3 , 2.545422529E-3 , 2.988191296E-3
7.300000000E1 , 6.210485612E0 , 1.861035932E0 , 2.469211340E-4 , 5.303182314E-3 , 5.308927642E-3
7.350000000E1 , 6.209343172E0 , 1.865166209E0 , -1.391160209E-4 , 3.440223802E-3 , 3.443035445E-3
7.400000000E1 , 6.210346496E0 , 1.864476156E0 , 6.648960801E-4 , -6.801021350E-4 , 9.511181374E-4
7.450000000E1 , 6.210008068E0 , 1.864486107E0 , 3.363991018E-3 , 8.011543625E-3 , 8.689146496E-3
7.500000000E1 , 6.213710487E0 , 1.872487699E0 , 2.363609957E-3 , 8.657301366E-3 , 8.974158400E-3
7.550000000E1 , 6.212371678E0 , 1.873143408E0 , -2.061737859E-3 , 1.012189847E-3 , 2.296800228E-3
7.600000000E1 , 6.211648749E0 , 1.873499889E0 , 3.445598894E-3 , 4.721155833E-6 , 3.445602129E-3
7.650000000E1 , 6.215817277E0 , 1.873148129E0 , 2.963934754E-3 , 2.879554827E-4 , 2.977889788E-3
7.700000000E1 , 6.214612684E0 , 1.873787845E0 , 9.625665852E-5 , 1.889924489E-4 , 2.120931164E-4
7.750000000E1 , 6.215913534E0 , 1.873337122E0 , 1.895527370E-3 , 1.688429322E-3 , 2.538467566E-3
7.800000000E1 , 6.216508211E0 , 1.875476274E0 , 5.226834651E-4 , 2.642804827E-3 , 2.693996169E-3
7.850000000E1 , 6.216436217E0 , 1.875979927E0 , 7.330673361E-4 , 1.042740129E-3 , 1.274635123E-3
7.900000000E1 , 6.217241279E0 , 1.876519014E0 , 1.066606002E-3 , 1.808769486E-3 , 2.099832235E-3
7.950000000E1 , 6.217502823E0 , 1.877788696E0 , -7.130908469E-5 , 2.503501500E-3 , 2.504516868E-3
8.000000000E1 , 6.217169970E0 , 1.879022516E0 , -5.636676351E-3 , 1.469182164E-3 , 5.824999272E-3
8.050000000E1 , 6.211866147E0 , 1.879257878E0 , -3.950728622E-3 , 1.834882959E-3 , 4.356036285E-3
8.100000000E1 , 6.213219241E0 , 1.880857399E0 , 1.757999330E-3 , 1.561929911E-3 , 2.351634897E-3
8.150000000E1 , 6.213624146E0 , 1.880819808E0 , -2.210183619E-4 , -4.073421307E-5 , 2.247407227E-4
8.200000000E1 , 6.212998223E0 , 1.880816665E0 , 2.208689548E-3 , 2.904451651E-3 , 3.648855836E-3
8.250000000E1 , 6.215832836E0 , 1.883724260E0 , 3.343241643E-3 , 3.274153931E-3 , 4.679460294E-3
8.300000000E1 , 6.216341464E0 , 1.884090818E0 , 3.205507201E-3 , 1.262215305E-3 , 3.445063699E-3
8.350000000E1 , 6.219038343E0 , 1.884986475E0 , 3.100109319E-3 , 2.038195533E-3 , 3.710110352E-3
8.400000000E1 , 6.219441574E0 , 1.886129014E0 , 5.777444810E-4 , 1.861193818E-3 , 1.948802481E-3
8.450000000E1 , 6.219616088E0 , 1.886847669E0 , -1.935489669E-4 , 7.975207045E-4 , 8.206707481E-4
8.500000000E1 , 6.219248025E0 , 1.886926535E0 , -1.400873338E-3 , 1.962499909E-3 , 2.411193066E-3
8.550000000E1 , 6.218215214E0 , 1.888810169E0 , -1.481801637E-3 , 2.633812718E-3 , 3.022036652E-3
8.600000000E1 , 6.217766223E0 , 1.889560347E0 , -3.818553480E-3 , 7.507771315E-4 , 3.891659927E-3
8.650000000E1 , 6.214396661E0 , 1.889560946E0 , -7.811554039E-4 , 2.233463170E-3 , 2.366127955E-3
8.700000000E1 , 6.216985067E0 , 1.891793811E0 , 3.694212996E-3 , 3.393956613E-3 , 5.016587601E-3
8.750000000E1 , 6.218090874E0 , 1.892954903E0 , 2.932304607E-3 , 1.490964655E-3 , 3.289587498E-3
8.800000000E1 , 6.219917372E0 , 1.893284775E0 , -1.646475307E-3 , 2.495970246E-3 , 2.990108427E-3
8.850000000E1 , 6.216444399E0 , 1.895450873E0 , -3.472974273E-3 , 2.166032231E-3 , 4.093072920E-3
8.900000000E1 , 6.216444398E0 , 1.895450807E0 , -1.109932186E-10 , -1.013198038E-8 , 1.013258832E-8
8.950000000E1 , 6.216444398E0 , 1.895450863E0 , -6.793940258E-5 , 3.247172944E-3 , 3.247883602E-3
9.000000000E1 , 6.216376458E0 , 1.898697980E0 , 2.325389508E-4 , 4.154811542E-3 , 4.161313893E-3
9.050000000E1 , 6.216676937E0 , 1.899605674E0 , 4.018536701E-4 , 1.260004447E-3 , 1.322534528E-3
9.100000000E1 , 6.216778312E0 , 1.899957985E0 , -2.967894913E-4 , 1.563423542E-3 , 1.591344455E-3
9.150000000E1 , 6.216380148E0 , 1.901169098E0 , -8.272466132E-4 , 2.761409304E-3 , 2.882658201E-3
9.200000000E1 , 6.215951065E0 , 1.902719394E0 , -1.191639154E-3 , 2.334427032E-3 , 2.620983297E-3
9.250000000E1 , 6.215188509E0 , 1.903503525E0 , -3.114903958E-3 , 6.251356867E-3 , 6.984417609E-3
9.300000000E1 , 6.212836162E0 , 1.908970751E0 , -2.958848733E-3 , 6.227984104E-3 , 6.895112169E-3
9.350000000E1 , 6.212229660E0 , 1.909731509E0 , -2.342868834E-3 , 9.419049179E-4 , 2.525117670E-3
9.400000000E1 , 6.210493293E0 , 1.909912656E0 , -2.421488296E-3 , 4.272040511E-3 , 4.910594231E-3
9.450000000E1 , 6.209808172E0 , 1.914003550E0 , 2.099657556E-4 , 6.136346101E-3 , 6.139937222E-3
9.500000000E1 , 6.210703258E0 , 1.916049002E0 , 2.403887363E-3 , 2.756394665E-3 , 3.657374195E-3
9.550000000E1 , 6.212212059E0 , 1.916759944E0 , 2.579219851E-3 , 6.558715586E-3 , 7.047632594E-3
9.600000000E1 , 6.213282478E0 , 1.922607718E0 , 2.473111809E-3 , 5.986865126E-3 , 6.477564052E-3
9.650000000E1 , 6.214685171E0 , 1.922746809E0 , 1.565618840E-3 , 4.346100815E-4 , 1.624822537E-3
9.700000000E1 , 6.214848097E0 , 1.923042328E0 , 1.567202064E-2 , 1.955714130E-2 , 2.506180374E-2
9.750000000E1 , 6.230357192E0 , 1.942303951E0 , 1.546900851E-2 , 1.993638103E-2 , 2.523389611E-2
9.800000000E1 , 6.230317106E0 , 1.942978709E0 , 4.243570381E-4 , 6.636264288E-4 , 7.877048514E-4
9.850000000E1 , 6.230781549E0 , 1.942967577E0 , 9.625369610E-5 , 3.321450708E-3 , 3.322845103E-3
9.900000000E1 , 6.230413359E0 , 1.946300159E0 , 7.486793831E-4 , 8.959651366E-3 , 8.990877233E-3
9.950000000E1 , 6.231530228E0 , 1.951927228E0 , 2.243455536E-3 , 8.762669911E-3 , 9.045301361E-3
1.000000000E2 , 6.232656815E0 , 1.955062829E0 , -1.188390168E-4 , 1.311775532E-2 , 1.311829362E-2
1.005000000E2 , 6.231411389E0 , 1.965044984E0 , 1.792876799E-4 , 1.043957150E-2 , 1.044111092E-2
1.010000000E2 , 6.232836103E0 , 1.965502401E0 , 1.169802397E-3 , -8.966958272E-5 , 1.173234112E-3
1.015000000E2 , 6.232581191E0 , 1.964955314E0 , -2.207208191E-3 , 9.059995559E-4 , 2.385917684E-3
1.020000000E2 , 6.230628894E0 , 1.966408400E0 , -3.057815548E-3 , 3.608883950E-3 , 4.730145800E-3
1.025000000E2 , 6.229523376E0 , 1.968564198E0 , -2.224506417E-5 , 3.822864487E-3 , 3.822929208E-3
1.030000000E2 , 6.230606649E0 , 1.970231265E0 , 6.199065306E-4 , 6.938017137E-3 , 6.965656172E-3
1.035000000E2 , 6.230143282E0 , 1.975502215E0 , -4.121318972E-4 , 5.316012692E-3 , 5.331964333E-3
1.040000000E2 , 6.230194517E0 , 1.975547278E0 , -2.856459509E-9 , -3.951199885E-9 , 4.875586268E-9
1.045000000E2 , 6.230143279E0 , 1.975502211E0 , 3.307888871E-3 , 7.192102048E-3 , 7.916341367E-3
1.050000000E2 , 6.233502406E0 , 1.982739380E0 , 3.072181549E-3 , 8.212234036E-3 , 8.768072042E-3
1.055000000E2 , 6.233215461E0 , 1.983714445E0 , 3.916554771E-4 , 8.318760541E-4 , 9.194627683E-4
1.060000000E2 , 6.233894062E0 , 1.983571256E0 , -1.312325121E-3 , 3.174150448E-3 , 3.434738460E-3
1.065000000E2 , 6.231903136E0 , 1.986888596E0 , -2.894427207E-3 , 5.190894716E-3 , 5.943323717E-3
1.070000000E2 , 6.230999635E0 , 1.988762150E0 , -3.710312327E-4 , 3.031075926E-3 , 3.053700287E-3
1.075000000E2 , 6.231532105E0 , 1.989919672E0 , -1.024473947E-3 , 8.277968490E-3 , 8.341121579E-3
1.080000000E2 , 6.229975161E0 , 1.997040119E0 , -1.880839380E-3 , 8.659137045E-3 , 8.861050228E-3
1.085000000E2 , 6.229651265E0 , 1.998578809E0 , 1.756295650E-3 , 1.808060575E-3 , 2.520646238E-3
1.090000000E2 , 6.231731456E0 , 1.998848179E0 , 1.449618249E-3 , 6.220905827E-3 , 6.387570930E-3
1.095000000E2 , 6.231100884E0 , 2.004799715E0 , -5.767837324E-5 , 7.867134082E-3 , 7.867345515E-3
1.100000000E2 , 6.231673778E0 , 2.006715314E0 , 2.351537110E-4 , 3.184046867E-3 , 3.192718547E-3
1.105000000E2 , 6.231336037E0 , 2.007983761E0 , 1.363848377E-3 , 8.369109718E-3 , 8.479509412E-3
1.110000000E2 , 6.233037626E0 , 2.015084423E0 , 2.077612959E-3 , 7.022552091E-3 , 7.323435906E-3
1.115000000E2 , 6.233413650E0 , 2.015006314E0 , 2.780437887E-4 , -2.977068022E-4 , 4.073544998E-4
1.120000000E2 , 6.233315670E0 , 2.014786716E0 , 9.123305396E-3 , 1.690679189E-2 , 1.921130691E-2
1.125000000E2 , 6.242536956E0 , 2.031913105E0 , 9.214243970E-3 , 1.904138780E-2 , 2.115364605E-2
1.130000000E2 , 6.242529914E0 , 2.033828104E0 , 1.229836760E-3 , 3.003503761E-3 , 3.245540525E-3
1.135000000E2 , 6.243766792E0 , 2.034916609E0 , 1.109288361E-3 , 6.357464643E-3 , 6.453516666E-3
1.140000000E2 , 6.243639202E0 , 2.040185569E0 , 2.458364723E-4 , 7.227219909E-3 , 7.231399808E-3
1.145000000E2 , 6.244012629E0 , 2.042143829E0 , -1.253838274E-4 , 3.692416751E-3 , 3.694544975E-3
1.150000000E2 , 6.243513819E0 , 2.043877986E0 , -1.759926346E-3 , 6.182658868E-3 , 6.428266595E-3
1.155000000E2 , 6.242252702E0 , 2.048326488E0 , 3.273847004E-4 , 6.868777326E-3 , 6.876574925E-3
1.160000000E2 , 6.243841203E0 , 2.050746763E0 , 1.272603378E-3 , 3.315745925E-3 , 3.551575762E-3
1.165000000E2 , 6.243525306E0 , 2.051642234E0 , 2.423293232E-4 , 3.750476366E-3 , 3.758297017E-3
1.170000000E2 , 6.244083533E0 , 2.054497239E0 , 4.003905375E-4 , 3.304746247E-3 , 3.328912786E-3
1.175000000E2 , 6.243925696E0 , 2.054946980E0 , 9.019455704E-4 , 1.197388616E-3 , 1.499081489E-3
1.180000000E2 , 6.244985478E0 , 2.055694628E0 , 3.173163034E-4 , 3.188376753E-3 , 3.204127955E-3
1.185000000E2 , 6.244243013E0 , 2.058135357E0 , -1.027698563E-3 , 2.625666748E-3 , 2.819625899E-3
1.190000000E2 , 6.243957780E0 , 2.058320295E0 , -1.292074118E-3 , 1.732136351E-3 , 2.160960866E-3
1.195000000E2 , 6.242950939E0 , 2.059867493E0 , 5.076745624E-3 , 4.139317269E-3 , 6.550365912E-3
1.200000000E2 , 6.249034525E0 , 2.062459612E0 , 6.104693200E-3 , 2.881917662E-3 , 6.750757622E-3
1.205000000E2 , 6.249055632E0 , 2.062749411E0 , -2.956488023E-4 , 4.461067234E-4 , 5.351816729E-4
1.210000000E2 , 6.248738876E0 , 2.062905719E0 , -3.367872597E-4 , 1.874929822E-3 , 1.904937662E-3
1.215000000E2 , 6.248718845E0 , 2.064624341E0 , -2.655377758E-7 , 2.312238396E-3 , 2.312238411E-3
1.220000000E2 , 6.248738611E0 , 2.065217957E0 , 4.974243836E-4 , 7.090930928E-4 , 8.661662840E-4
1.225000000E2 , 6.249216269E0 , 2.065333434E0 , 7.306655614E-4 , 3.210013679E-3 , 3.292120894E-3
1.230000000E2 , 6.249469276E0 , 2.068427971E0 , -5.546030042E-4 , 3.840963516E-3 , 3.880796983E-3
1.235000000E2 , 6.248661666E0 , 2.069174397E0 , -1.411675121E-3 , 1.174937343E-3 , 1.836655767E-3
1.240000000E2 , 6.248057601E0 , 2.069602908E0 , -2.622072007E-3 , 2.947905532E-3 , 3.945302097E-3
1.245000000E2 , 6.246039594E0 , 2.072122303E0 , -2.389964477E-3 , 3.061501530E-3 , 3.883905486E-3
1.250000000E2 , 6.245667637E0 , 2.072664410E0 , -6.127549177E-4 , 5.878807131E-4 , 8.491597741E-4
1.255000000E2 , 6.245426839E0 , 2.072710184E0 , -1.012810327E-4 , 1.227342877E-3 , 1.231514671E-3
1.260000000E2 , 6.245566356E0 , 2.073891753E0 , -3.506195813E-4 , 1.432013129E-3 , 1.474311939E-3
1.265000000E2 , 6.245076219E0 , 2.074142197E0 , 6.774054544E-9 , -6.675089708E-9 , 9.510238566E-9
1.270000000E2 , 6.245566363E0 , 2.073891746E0 , 9.927683548E-4 , 2.738374117E-3 , 2.912779052E-3
1.275000000E2 , 6.246068988E0 , 2.076880571E0 , 2.108632035E-4 , 3.245218302E-3 , 3.252061672E-3
1.280000000E2 , 6.245777226E0 , 2.077136964E0 , -1.241680852E-4 , 6.058119576E-4 , 6.184058873E-4
1.285000000E2 , 6.245944820E0 , 2.077486383E0 , 2.839972070E-4 , 1.854087160E-3 , 1.875711495E-3
1.290000000E2 , 6.246061223E0 , 2.078991051E0 , -3.235849668E-5 , 2.555118653E-3 , 2.555323542E-3
1.295000000E2 , 6.245912461E0 , 2.080041501E0 , -3.338431918E-4 , 2.170130714E-3 , 2.195659034E-3
1.300000000E2 , 6.245727380E0 , 2.081161182E0 , -1.825121928E-3 , 4.554765535E-3 , 4.906827807E-3
1.305000000E2 , 6.244087339E0 , 2.084596267E0 , -1.407878075E-3 , 3.761505948E-3 , 4.016347553E-3
1.310000000E2 , 6.244319502E0 , 2.084922688E0 , 4.284210005E-4 , 3.113436523E-4 , 5.296030811E-4
1.315000000E2 , 6.244515760E0 , 2.084907611E0 , 8.068129991E-4 , 2.950753312E-3 , 3.059067231E-3
1.320000000E2 , 6.245126315E0 , 2.087873441E0 , 1.052580760E-3 , 3.890629695E-3 , 4.030499433E-3
1.325000000E2 , 6.245568341E0 , 2.088798240E0 , 1.868031653E-3 , 1.135237735E-3 , 2.185933890E-3
1.330000000E2 , 6.246994346E0 , 2.089008679E0 , -9.302553794E-4 , 3.392380417E-3 , 3.517615665E-3
1.335000000E2 , 6.244638086E0 , 2.092190621E0 , -2.356250175E-3 , 3.181862211E-3 , 3.959313326E-3
1.340000000E2 , 6.244638096E0 , 2.092190541E0 , 2.423563886E-9 , -1.821457467E-8 , 1.837510251E-8
1.345000000E2 , 6.244638088E0 , 2.092190603E0 , 1.148681369E-3 , 9.807353239E-3 , 9.874393472E-3
1.350000000E2 , 6.245786778E0 , 2.101997894E0 , 1.258952766E-3 , 1.055498693E-2 , 1.062980297E-2
1.355000000E2 , 6.245897041E0 , 2.102745589E0 , 4.906561686E-4 , 1.121777318E-3 , 1.224388757E-3
1.360000000E2 , 6.246277434E0 , 2.103119672E0 , 1.071554889E-3 , 4.973144549E-3 , 5.087277915E-3
1.365000000E2 , 6.246968596E0 , 2.107718734E0 , 3.077005521E-4 , 7.898275118E-3 , 7.904266536E-3
1.370000000E2 , 6.246585134E0 , 2.111017947E0 , -1.563159863E-3 , 4.524951527E-3 , 4.787343217E-3
1.375000000E2 , 6.245405436E0 , 2.112243686E0 , 9.770764077E-3 , 1.343554311E-2 , 1.661269542E-2
1.380000000E2 , 6.256355898E0 , 2.124453490E0 , 1.052830738E-2 , 1.756431129E-2 , 2.047804403E-2
1.385000000E2 , 6.255933743E0 , 2.129807997E0 , -7.636230526E-4 , 7.013901432E-3 , 7.055347863E-3
1.390000000E2 , 6.255592275E0 , 2.131467391E0 , 4.077800005E-4 , 8.563439781E-3 , 8.573143264E-3
1.395000000E2 , 6.256341523E0 , 2.138371437E0 , 4.740298073E-4 , 1.050644626E-2 , 1.051713446E-2
1.400000000E2 , 6.256066305E0 , 2.141973838E0 , -7.406632548E-4 , 3.118611725E-3 , 3.205358193E-3
1.405000000E2 , 6.255600860E0 , 2.141490048E0 , -1.351868075E-3 , 5.530698412E-3 , 5.693520195E-3
1.410000000E2 , 6.254714437E0 , 2.147504536E0 , -8.863841077E-4 , 6.014789511E-3 , 6.079750788E-3
1.415000000E2 , 6.254714476E0 , 2.147504838E0 , 6.963130825E-8 , 5.413000648E-7 , 5.457602764E-7
1.420000000E2 , 6.254714507E0 , 2.147505077E0 , 1.652514421E-3 , 7.377192312E-3 , 7.560011264E-3
1.425000000E2 , 6.256366990E0 , 2.154882030E0 , 1.700471616E-3 , 7.837623555E-3 , 8.019971739E-3
1.430000000E2 , 6.256414978E0 , 2.155342701E0 , 5.696310740E-4 , 3.919545274E-4 , 6.914534779E-4
1.435000000E2 , 6.256936621E0 , 2.155273985E0 , -4.410985260E-4 , 4.297103692E-3 , 4.319683791E-3
1.440000000E2 , 6.255973880E0 , 2.159639805E0 , -1.267191712E-3 , 6.842409422E-3 , 6.958760057E-3
1.445000000E2 , 6.255669430E0 , 2.162116394E0 , -1.129062289E-3 , 4.728375637E-3 , 4.861308241E-3
1.450000000E2 , 6.254844817E0 , 2.164368180E0 , -8.204013887E-4 , 8.122999869E-3 , 8.164323934E-3
1.455000000E2 , 6.254849028E0 , 2.170239394E0 , -4.208114847E-4 , 6.595125717E-3 , 6.608537321E-3
1.460000000E2 , 6.254424006E0 , 2.170963306E0 , 9.006784584E-4 , 9.619705068E-4 , 1.317804592E-3
1.465000000E2 , 6.255749707E0 , 2.171201364E0 , -2.682010475E-4 , 2.503703625E-3 , 2.518027729E-3
1.470000000E2 , 6.254155805E0 , 2.173467010E0 , -1.182840241E-3 , 3.504668285E-3 , 3.698893189E-3
1.475000000E2 , 6.254566866E0 , 2.174706033E0 , 6.618951915E-4 , 8.517697262E-4 , 1.078710763E-3
1.480000000E2 , 6.254817700E0 , 2.174318779E0 , 5.639877563E-4 , 4.041097278E-3 , 4.080263399E-3
1.485000000E2 , 6.255130854E0 , 2.178747130E0 , 9.887026060E-4 , 5.685297028E-3 , 5.770626928E-3
1.490000000E2 , 6.255806403E0 , 2.180004076E0 , 7.775944222E-4 , 3.885504565E-3 , 3.962549534E-3
1.495000000E2 , 6.255908449E0 , 2.182632635E0 , 2.168209618E-3 , 1.411467653E-2 , 1.428023902E-2
1.500000000E2 , 6.257974612E0 , 2.194118753E0 , 2.127291798E-3 , 1.198860046E-2 , 1.217587415E-2
1.505000000E2 , 6.258035740E0 , 2.194621235E0 , -7.704047370E-4 , 9.905140854E-4 , 1.254847247E-3
1.510000000E2 , 6.257204208E0 , 2.195109267E0 , -1.699732817E-3 , 4.563853229E-3 , 4.870097324E-3
1.515000000E2 , 6.256336008E0 , 2.199185088E0 , -6.460875130E-4 , 1.055501176E-2 , 1.057476725E-2
1.520000000E2 , 6.256558120E0 , 2.205664279E0 , 1.428711235E-3 , 1.152329618E-2 , 1.161152749E-2
1.525000000E2 , 6.257764719E0 , 2.210708384E0 , 1.408813705E-2 , 1.683117516E-2 , 2.194912442E-2
1.530000000E2 , 6.270646257E0 , 2.222495454E0 , 1.239708104E-2 , 1.223487902E-2 , 1.741780362E-2
1.535000000E2 , 6.270161800E0 , 2.222943263E0 , -1.257664676E-3 , -1.299778184E-4 , 1.264363346E-3
1.540000000E2 , 6.269388592E0 , 2.222365476E0 , -2.023160027E-3 , 3.820945011E-3 , 4.323516771E-3
1.545000000E2 , 6.268138640E0 , 2.226764208E0 , 1.908393116E-4 , 6.190108303E-3 , 6.193049366E-3
1.550000000E2 , 6.269579432E0 , 2.228555584E0 , 1.479862471E-3 , 2.455021855E-3 , 2.866552850E-3
1.555000000E2 , 6.269618502E0 , 2.229219230E0 , 5.382227801E-4 , 2.931665152E-3 , 2.980661726E-3
1.560000000E2 , 6.270117655E0 , 2.231487250E0 , 4.991546129E-4 , 2.268105354E-3 , 2.322381800E-3
1.565000000E2 , 6.270117657E0 , 2.231487336E0 , -7.571532570E-9 , -7.064672573E-6 , 7.064676631E-6
1.570000000E2 , 6.270117647E0 , 2.231480185E0 , -2.293397137E-3 , 9.582320836E-3 , 9.852945906E-3
1.575000000E2 , 6.267824260E0 , 2.241069657E0 , -1.812224825E-3 , 9.980554763E-3 , 1.014374843E-2
1.580000000E2 , 6.268305422E0 , 2.241460740E0 , 1.788131707E-3 , 4.478142059E-4 , 1.843353619E-3
1.585000000E2 , 6.269612392E0 , 2.241517471E0 , 1.116325601E-3 , 1.827668893E-3 , 2.141624717E-3
1.590000000E2 , 6.269421748E0 , 2.243288409E0 , -9.233761220E-4 , 3.746767275E-3 , 3.858871400E-3
1.595000000E2 , 6.268689015E0 , 2.245264238E0 , -4.087180836E-4 , 2.546436510E-3 , 2.579028765E-3
1.600000000E2 , 6.269013030E0 , 2.245834845E0 , -1.528693804E-3 , 5.257393117E-3 , 5.475133527E-3
1.605000000E2 , 6.267160322E0 , 2.250521631E0 , -1.587762126E-3 , 5.014922273E-3 , 5.260269382E-3
1.610000000E2 , 6.267425268E0 , 2.250849767E0 , 7.284670872E-4 , -6.039130650E-5 , 7.309660779E-4
1.615000000E2 , 6.267888789E0 , 2.250461240E0 , -8.481625043E-4 , 8.069200015E-4 , 1.170683357E-3
1.620000000E2 , 6.266577105E0 , 2.251656687E0 , -7.612596192E-4 , 1.896264421E-3 , 2.043363639E-3
1.625000000E2 , 6.267127529E0 , 2.252357504E0 , 1.483721395E-3 , 8.420927677E-4 , 1.706033237E-3
1.630000000E2 , 6.268060826E0 , 2.252498780E0 , 1.040974496E-3 , 1.386055206E-3 , 1.733429242E-3
1.635000000E2 , 6.268168504E0 , 2.253743559E0 , 1.076756458E-4 , 1.244787986E-3 , 1.249436342E-3
1.640000000E2 , 6.268168502E0 , 2.253743568E0 , -1.181398324E-9 , 7.008673673E-9 , 7.107545895E-9
1.645000000E2 , 6.268168502E0 , 2.253743566E0 , 8.115419727E-4 , 3.647124835E-3 , 3.736324389E-3
1.650000000E2 , 6.268980044E0 , 2.257390693E0 , 1.126988012E-3 , 3.930135898E-3 , 4.088529094E-3
1.655000000E2 , 6.269295490E0 , 2.257673702E0 , 6.255941769E-4 , 4.432472508E-4 , 7.667047668E-4
1.660000000E2 , 6.269605638E0 , 2.257833940E0 , -2.999283703E-6 , 1.218493487E-3 , 1.218497178E-3
1.665000000E2 , 6.269292491E0 , 2.258892196E0 , -4.987289869E-4 , 2.433312283E-3 , 2.483895986E-3
1.670000000E2 , 6.269106909E0 , 2.260267252E0 , 1.822157841E-4 , 2.204789447E-3 , 2.212306284E-3
1.675000000E2 , 6.269474707E0 , 2.261096985E0 , -1.893851108E-3 , 4.311025170E-3 , 4.708673915E-3
1.680000000E2 , 6.267213058E0 , 2.264578278E0 , -2.534156562E-3 , 4.468306834E-3 , 5.136897453E-3
1.685000000E2 , 6.266940550E0 , 2.265565292E0 , 1.575404902E-4 , 1.430321469E-3 , 1.438971337E-3
1.690000000E2 , 6.267370599E0 , 2.266008599E0 , -1.028485774E-5 , 2.587619934E-3 , 2.587640373E-3
1.695000000E2 , 6.266930265E0 , 2.268152912E0 , -4.283731759E-4 , 2.883375453E-3 , 2.915022741E-3
1.700000000E2 , 6.266942225E0 , 2.268891975E0 , 2.156097472E-3 , 9.944234930E-4 , 2.374370314E-3
1.705000000E2 , 6.269086363E0 , 2.269147336E0 , 1.924829756E-3 , 2.162298576E-3 , 2.894910140E-3
1.710000000E2 , 6.268867055E0 , 2.271054273E0 , 1.768778920E-4 , 2.273268765E-3 , 2.280139615E-3
1.715000000E2 , 6.269263241E0 , 2.271420604E0 , -7.768257802E-5 , 1.094717974E-3 , 1.097470740E-3
1.720000000E2 , 6.268789373E0 , 2.272148991E0 , -3.084186763E-3 , 7.144539892E-3 , 7.781815871E-3
1.725000000E2 , 6.266179054E0 , 2.278565144E0 , -2.530136274E-3 , 7.072781727E-3 , 7.511712915E-3
1.730000000E2 , 6.266259236E0 , 2.279221773E0 , 3.901004334E-4 , 1.833990443E-3 , 1.875019812E-3
1.735000000E2 , 6.266569155E0 , 2.280399135E0 , 2.764469534E-4 , 2.977114516E-3 , 2.989922033E-3
1.740000000E2 , 6.266535683E0 , 2.282198887E0 , 1.136510957E-3 , 4.538557167E-3 , 4.678691945E-3
1.745000000E2 , 6.267705665E0 , 2.284937692E0 , 3.056261817E-3 , 4.192346310E-3 , 5.188111784E-3
1.750000000E2 , 6.269591945E0 , 2.286391234E0 , 2.342905613E-3 , 1.073379450E-2 , 1.098651678E-2
1.755000000E2 , 6.270048571E0 , 2.295671486E0 , 7.916032046E-4 , 1.226353264E-2 , 1.228905482E-2
1.760000000E2 , 6.270383548E0 , 2.298654766E0 , -1.254581782E-4 , 4.511644432E-3 , 4.513388443E-3
1.765000000E2 , 6.269923113E0 , 2.300183131E0 , 1.301174198E-2 , 7.368343315E-3 , 1.495319072E-2
1.770000000E2 , 6.283395290E0 , 2.306023110E0 , 1.361204573E-2 , 9.971380902E-3 , 1.687353626E-2
1.775000000E2 , 6.283535159E0 , 2.310154512E0 , 9.001177821E-4 , 5.794596596E-3 , 5.864090870E-3
1.780000000E2 , 6.284295408E0 , 2.311817706E0 , -8.580325118E-4 , 1.027892725E-2 , 1.031467718E-2
1.785000000E2 , 6.282677126E0 , 2.320433439E0 , -1.618281849E-3 , 8.615892453E-3 , 8.766552282E-3
1.790000000E2 , 6.282677126E0 , 2.320433599E0 , 7.154285929E-10 , -3.359833356E-9 , 3.435159130E-9
1.795000000E2 , 6.282677127E0 , 2.320433436E0 , 4.975787549E-4 , 1.096046439E-2 , 1.097175301E-2
1.800000000E2 , 6.283174705E0 , 2.331394063E0 , 3.610779003E-4 , 1.183134410E-2 , 1.183685264E-2
1.805000000E2 , 6.283038205E0 , 2.332264780E0 , 8.709532369E-4 , 2.924232245E-3 , 3.051179077E-3
1.810000000E2 , 6.284045658E0 , 2.334318295E0 , -1.178233463E-3 , 4.880488553E-3 , 5.020697423E-3
1.815000000E2 , 6.281859971E0 , 2.337145268E0 , -1.601478611E-3 , 5.497140551E-3 , 5.725669217E-3
1.820000000E2 , 6.282444180E0 , 2.339815436E0 , 2.286710659E-3 , 3.845947582E-3 , 4.474411519E-3
1.825000000E2 , 6.284146682E0 , 2.340991216E0 , 1.496785574E-3 , 8.350570348E-3 , 8.483654412E-3
1.830000000E2 , 6.283940965E0 , 2.348166006E0 , -7.079542276E-5 , 8.508685092E-3 , 8.508979610E-3
1.835000000E2 , 6.284075886E0 , 2.349499901E0 , 4.061978492E-4 , 1.269371721E-3 , 1.332779524E-3
1.840000000E2 , 6.284347163E0 , 2.349435378E0 , -1.042766487E-3 , 4.327496568E-3 , 4.451358051E-3
1.845000000E2 , 6.283033120E0 , 2.353827397E0 , -1.453005730E-3 , 6.002199608E-3 , 6.175566839E-3
1.850000000E2 , 6.282894157E0 , 2.355437578E0 , 9.385252232E-4 , 1.807507033E-3 , 2.036642155E-3
1.855000000E2 , 6.283971645E0 , 2.355634904E0 , -1.245205762E-3 , 4.113691353E-3 , 4.298022096E-3
1.860000000E2 , 6.281648952E0 , 2.359551269E0 , -2.421627055E-3 , 4.192755243E-3 , 4.841846148E-3
1.865000000E2 , 6.281550018E0 , 2.359827660E0 , -7.653352342E-5 , 2.865606433E-4 , 2.966047581E-4
1.870000000E2 , 6.281572418E0 , 2.359837830E0 , 8.878446835E-4 , 1.102333858E-2 , 1.105903529E-2
1.875000000E2 , 6.282437863E0 , 2.370850998E0 , 5.093871312E-4 , 1.213194450E-2 , 1.214263367E-2
1.880000000E2 , 6.282081805E0 , 2.371969774E0 , -9.781636898E-5 , 1.725686521E-3 , 1.728456540E-3
1.885000000E2 , 6.282340046E0 , 2.372576685E0 , 1.063810627E-4 , 6.256823058E-3 , 6.257727359E-3
1.890000000E2 , 6.282188186E0 , 2.378226597E0 , 1.117113228E-4 , 9.545184903E-3 , 9.545838583E-3
1.895000000E2 , 6.282451758E0 , 2.382121870E0 , 1.388564057E-3 , 5.332007543E-3 , 5.509847056E-3
1.900000000E2 , 6.283576750E0 , 2.383558605E0 , 1.320748837E-3 , 1.289554672E-2 , 1.296300516E-2
1.905000000E2 , 6.283772507E0 , 2.395017416E0 , 1.732506722E-2 , 1.375087716E-2 , 2.211887377E-2
1.910000000E2 , 6.300901818E0 , 2.397309482E0 , 1.808534151E-2 , 4.324260189E-3 , 1.859512849E-2
1.915000000E2 , 6.301857848E0 , 2.399341677E0 , 1.965808525E-3 , 7.979812687E-3 , 8.218382668E-3
1.920000000E2 , 6.302867626E0 , 2.405289294E0 , -4.697590699E-4 , 8.120850587E-3 , 8.134426091E-3
1.925000000E2 , 6.301388089E0 , 2.407462527E0 , -1.697311559E-3 , 4.870723717E-3 , 5.157985659E-3
1.930000000E2 , 6.301170314E0 , 2.410160018E0 , -3.030330500E-3 , 7.098399471E-3 , 7.718171933E-3
1.935000000E2 , 6.298357759E0 , 2.414560927E0 , -2.935239549E-3 , 5.421887046E-3 , 6.165427021E-3
1.940000000E2 , 6.298235075E0 , 2.415581905E0 , -3.973685445E-9 , 3.966473671E-8 , 3.986328529E-8
1.945000000E2 , 6.298357755E0 , 2.414560966E0 , 3.934326503E-3 , 7.000552599E-3 , 8.030358754E-3
1.950000000E2 , 6.302169401E0 , 2.422582458E0 , 4.682453504E-3 , 8.494772991E-3 , 9.699821595E-3
1.955000000E2 , 6.303040208E0 , 2.423055739E0 , 3.782668217E-4 , 2.221301910E-3 , 2.253279380E-3
1.960000000E2 , 6.302547668E0 , 2.424803760E0 , 8.082333197E-5 , 1.926950908E-3 , 1.928645175E-3
1.965000000E2 , 6.303121031E0 , 2.424982690E0 , -3.155266232E-4 , 2.313134348E-3 , 2.334555110E-3
1.970000000E2 , 6.302232142E0 , 2.427116894E0 , -1.814531657E-3 , 2.768432519E-3 , 3.310097242E-3
1.975000000E2 , 6.301306500E0 , 2.427751123E0 , -2.893042521E-3 , 4.602132366E-3 , 5.435928379E-3
1.980000000E2 , 6.299339099E0 , 2.431719026E0 , -5.554191649E-4 , 4.672399374E-3 , 4.705295565E-3
1.985000000E2 , 6.300751081E0 , 2.432423522E0 , 1.359473314E-3 , 8.595013998E-4 , 1.608387499E-3
1.990000000E2 , 6.300698572E0 , 2.432578528E0 , -3.349926116E-3 , 3.287789485E-3 , 4.693779360E-3
1.995000000E2 , 6.297401155E0 , 2.435711312E0 , -7.078642137E-4 , 3.619408980E-3 , 3.687979543E-3
2.000000000E2 , 6.299990708E0 , 2.436197937E0 , 1.973605099E-3 , 1.192191732E-3 , 2.305740275E-3
2.005000000E2 , 6.299374760E0 , 2.436903503E0 , -3.210513136E-5 , 2.426886216E-3 , 2.427098565E-3
2.010000000E2 , 6.299958603E0 , 2.438624823E0 , 7.101178138E-4 , 1.713049457E-3 , 1.854401724E-3
2.015000000E2 , 6.300084877E0 , 2.438616553E0 , 3.144527506E-4 , 1.919281307E-5 , 3.150379286E-4
2.020000000E2 , 6.300273056E0 , 2.438644016E0 , 2.048343793E-3 , 3.370358219E-3 , 3.943986159E-3
2.025000000E2 , 6.302133221E0 , 2.441986911E0 , 2.021599256E-3 , 3.740494896E-3 , 4.251842614E-3
2.030000000E2 , 6.302294655E0 , 2.442384511E0 , 1.897660937E-3 , 4.537346655E-4 , 1.951151501E-3
2.035000000E2 , 6.304030882E0 , 2.442440646E0 , 1.756181327E-4 , 2.446794351E-3 , 2.453088732E-3
2.040000000E2 , 6.302470273E0 , 2.444831305E0 , -2.016309300E-3 , 3.644583075E-3 , 4.165151736E-3
2.045000000E2 , 6.302014573E0 , 2.446085229E0 , 1.442766108E-3 , 1.957746369E-3 , 2.431942616E-3
2.050000000E2 , 6.303913039E0 , 2.446789051E0 , -5.068016864E-4 , 4.012134151E-3 , 4.044016370E-3
2.055000000E2 , 6.301507771E0 , 2.450097363E0 , -2.373746959E-3 , 3.688683242E-3 , 4.386463118E-3
2.060000000E2 , 6.301539292E0 , 2.450477735E0 , -1.186531468E-3 , 7.149489992E-4 , 1.385283002E-3
2.065000000E2 , 6.300321240E0 , 2.450812312E0 , -2.564933109E-3 , 1.781141086E-3 , 3.122714432E-3
2.070000000E2 , 6.298974359E0 , 2.452258876E0 , -8.151401043E-4 , 3.122673784E-3 , 3.227312342E-3
2.075000000E2 , 6.299506100E0 , 2.453934986E0 , 4.453365493E-3 , 2.539254295E-3 , 5.126429224E-3
2.080000000E2 , 6.303427725E0 , 2.454798130E0 , 2.984266962E-3 , 5.017302603E-3 , 5.837737123E-3
2.085000000E2 , 6.302490367E0 , 2.458952288E0 , -1.703782350E-3 , 4.566756481E-3 , 4.874232150E-3
2.090000000E2 , 6.301723942E0 , 2.459364887E0 , -6.926637908E-4 , 1.906860617E-3 , 2.028768232E-3
2.095000000E2 , 6.301797703E0 , 2.460859149E0 , -3.468346184E-3 , 4.992619114E-3 , 6.079117606E-3
2.100000000E2 , 6.298255596E0 , 2.464357506E0 , -3.690619468E-3 , 4.312380867E-3 , 5.676028611E-3
2.105000000E2 , 6.298107083E0 , 2.465171530E0 , -2.481648610E-3 , 1.209303261E-3 , 2.760614823E-3
2.110000000E2 , 6.295773948E0 , 2.465566809E0 , -3.427014739E-3 , 2.731204790E-3 , 4.382226561E-3
2.115000000E2 , 6.294680069E0 , 2.467902735E0 , -1.917463175E-4 , 5.831914062E-3 , 5.835065404E-3
2.120000000E2 , 6.295582201E0 , 2.471398723E0 , 1.997612300E-3 , 6.607065957E-3 , 6.902447063E-3
2.125000000E2 , 6.296677681E0 , 2.474509801E0 , 1.034516185E-3 , 9.473278678E-3 , 9.529597717E-3
2.130000000E2 , 6.296616717E0 , 2.480872002E0 , 1.056584108E-3 , 8.022343968E-3 , 8.091623615E-3
2.135000000E2 , 6.297734265E0 , 2.482532145E0 , -5.704458167E-4 , 1.901779396E-3 , 1.985490695E-3
2.140000000E2 , 6.296046272E0 , 2.482773781E0 , 1.533029311E-2 , 1.274910219E-2 , 1.993884384E-2
2.145000000E2 , 6.313064558E0 , 2.495281247E0 , 1.770832762E-2 , 1.410251230E-2 , 2.263770572E-2
2.150000000E2 , 6.313754599E0 , 2.496876293E0 , 3.459282624E-3 , 6.621020777E-3 , 7.470244467E-3
2.155000000E2 , 6.316523841E0 , 2.501902267E0 , 1.070268104E-3 , 7.556908845E-3 , 7.632322393E-3
2.160000000E2 , 6.314824867E0 , 2.504433202E0 , -4.649259874E-3 , 4.356143235E-3 , 6.371153841E-3
2.165000000E2 , 6.311874581E0 , 2.506258411E0 , -2.047327606E-3 , 6.032115228E-3 , 6.370083551E-3
2.170000000E2 , 6.312777540E0 , 2.510465317E0 , 6.608135740E-3 , 7.808484904E-3 , 1.022936432E-2
2.175000000E2 , 6.318482717E0 , 2.514066896E0 , 6.024450055E-3 , 4.265446203E-3 , 7.381600760E-3
2.180000000E2 , 6.318801990E0 , 2.514730764E0 , -5.600934073E-4 , 2.411528542E-3 , 2.475716974E-3
2.185000000E2 , 6.317922623E0 , 2.516478424E0 , -3.851326420E-4 , 3.820921710E-3 , 3.840282524E-3
2.190000000E2 , 6.318416857E0 , 2.518551685E0 , -3.578580620E-4 , 5.047474951E-3 , 5.060144837E-3
2.195000000E2 , 6.317564765E0 , 2.521525899E0 , -2.842978208E-3 , 6.468845970E-3 , 7.066009714E-3
2.200000000E2 , 6.315573879E0 , 2.525020531E0 , -2.599784447E-3 , 7.520655205E-3 , 7.957332083E-3
2.205000000E2 , 6.314964981E0 , 2.529046554E0 , 2.929359700E-4 , 4.606856044E-3 , 4.616160103E-3
2.210000000E2 , 6.315866815E0 , 2.529627387E0 , 4.037588017E-3 , 4.251981756E-3 , 5.863571084E-3
2.215000000E2 , 6.319002569E0 , 2.533298536E0 , 2.562972030E-3 , 5.006768362E-3 , 5.624638215E-3
2.220000000E2 , 6.318429787E0 , 2.534634156E0 , -9.392116309E-4 , 2.201103335E-3 , 2.393109772E-3
2.225000000E2 , 6.318063357E0 , 2.535499639E0 , 2.143442706E-4 , 1.591934515E-3 , 1.606299775E-3
2.230000000E2 , 6.318644131E0 , 2.536226090E0 , -1.369339597E-3 , 3.583930520E-3 , 3.836619463E-3
2.235000000E2 , 6.316694017E0 , 2.539083570E0 , -2.062136973E-3 , 2.947544479E-3 , 3.597280550E-3
2.240000000E2 , 6.316581994E0 , 2.539173635E0 , 5.909093447E-4 , 2.352271421E-4 , 6.360075959E-4
2.245000000E2 , 6.317284927E0 , 2.539318797E0 , 2.593150771E-3 , 7.295965026E-3 , 7.743096060E-3
2.250000000E2 , 6.319175145E0 , 2.546469600E0 , 2.675509828E-3 , 7.991414406E-3 , 8.427399186E-3
2.255000000E2 , 6.319960437E0 , 2.547310211E0 , 6.404379574E-4 , 1.931231321E-3 , 2.034653581E-3
2.260000000E2 , 6.319815583E0 , 2.548400831E0 , -4.589758597E-4 , 5.199155982E-3 , 5.219375611E-3
2.265000000E2 , 6.319501461E0 , 2.552509367E0 , 1.930396944E-4 , 4.885741152E-3 , 4.889553244E-3
2.270000000E2 , 6.320008623E0 , 2.553286572E0 , -2.063557224E-3 , 3.519064583E-3 , 4.079471039E-3
2.275000000E2 , 6.317437904E0 , 2.556028432E0 , -3.139689110E-3 , 7.553690557E-3 , 8.180213245E-3
2.280000000E2 , 6.316868934E0 , 2.560840263E0 , -8.977023114E-5 , 7.215801308E-3 , 7.216359693E-3
2.285000000E2 , 6.317348133E0 , 2.563244233E0 , 2.203432865E-4 , 3.825379084E-3 , 3.831719758E-3
2.290000000E2 , 6.317089277E0 , 2.564665642E0 , -1.431461002E-3 , 7.465962496E-3 , 7.601952157E-3
2.295000000E2 , 6.315916672E0 , 2.570710196E0 , -1.840131689E-3 , 8.868553844E-3 , 9.057446214E-3
2.300000000E2 , 6.315249145E0 , 2.573534196E0 , -7.987107053E-4 , -1.683528379E-3 , 1.863385788E-3
2.305000000E2 , 6.315117962E0 , 2.569026667E0 , 2.798765255E-5 , -4.281854844E-3 , 4.281946312E-3
2.310000000E2 , 6.315277133E0 , 2.569252341E0 , 1.591711077E-4 , 2.256806213E-4 , 2.761651396E-4
2.315000000E2 , 6.315277133E0 , 2.569252348E0 , 5.600388177E-5 , 8.345312901E-4 , 8.364083386E-4
2.320000000E2 , 6.315277133E0 , 2.569252349E0 , 1.125883627E-3 , 1.002278369E-4 , 1.130336039E-3
2.325000000E2 , 6.316403016E0 , 2.569352576E0 , 1.111571309E-3 , 6.200848376E-4 , 1.272829911E-3
2.330000000E2 , 6.316388704E0 , 2.569872433E0 , -5.862922651E-4 , 1.444712669E-3 , 1.559145060E-3
2.335000000E2 , 6.315816724E0 , 2.570797289E0 , -6.930345117E-4 , 1.933764880E-3 , 2.054201414E-3
2.340000000E2 , 6.315695669E0 , 2.571806198E0 , 6.116338241E-5 , 3.083322532E-3 , 3.083929116E-3
2.345000000E2 , 6.315877887E0 , 2.573880611E0 , -2.788707625E-4 , 4.899933911E-3 , 4.907863205E-3
2.350000000E2 , 6.315416799E0 , 2.576706132E0 , 1.596393170E-3 , 5.374834710E-3 , 5.606899260E-3
2.355000000E2 , 6.315583440E0 , 2.578067668E0 , 4.064154871E-5 , 2.333468980E-3 , 2.333822875E-3
2.360000000E2 , 6.315457440E0 , 2.579039601E0 , -1.739973028E-3 , 7.850595486E-4 , 1.908880466E-3
2.365000000E2 , 6.315256358E0 , 2.579744046E0 , 3.194998179E-7 , 9.353606663E-4 , 9.353607208E-4
2.370000000E2 , 6.315457760E0 , 2.579974962E0 , 5.218373178E-4 , 1.689800464E-3 , 1.768541714E-3
2.375000000E2 , 6.315778195E0 , 2.581433846E0 , 1.150371721E-4 , 4.094066678E-3 , 4.095682545E-3
2.380000000E2 , 6.315572797E0 , 2.584069029E0 , 3.516126317E-4 , 4.360749906E-3 , 4.374902420E-3
2.385000000E2 , 6.316129808E0 , 2.585794596E0 , 2.786558008E-4 , 3.417685933E-3 , 3.429027004E-3
2.390000000E2 , 6.315851453E0 , 2.587486714E0 , 7.947847693E-5 , 2.543575118E-3 , 2.544816538E-3
2.395000000E2 , 6.316209286E0 , 2.588338171E0 , -3.279570188E-6 , 7.100306942E-3 , 7.100307699E-3
2.400000000E2 , 6.315848173E0 , 2.594587021E0 , -4.161492413E-4 , 7.254004140E-3 , 7.265931204E-3
2.405000000E2 , 6.315793137E0 , 2.595592175E0 , -4.819230436E-5 , 5.392060433E-3 , 5.392275792E-3
2.410000000E2 , 6.315799981E0 , 2.599979082E0 , 5.185893256E-5 , 5.327521125E-3 , 5.327773520E-3
2.415000000E2 , 6.315844996E0 , 2.600919696E0 , -7.064972102E-5 , 3.154473117E-3 , 3.155264177E-3
2.420000000E2 , 6.315729331E0 , 2.603133555E0 , -4.788289850E-4 , 9.248968521E-3 , 9.261354971E-3
2.425000000E2 , 6.315366167E0 , 2.610168665E0 , 3.182426942E-4 , 9.791219802E-3 , 9.796390336E-3
2.430000000E2 , 6.316047574E0 , 2.612924775E0 , 6.267504008E-4 , 7.774046289E-3 , 7.799269951E-3
2.435000000E2 , 6.315992917E0 , 2.617942711E0 , 4.720617650E-3 , 1.514732018E-2 , 1.586586082E-2
2.440000000E2 , 6.320768192E0 , 2.628072095E0 , 4.716755403E-3 , 1.348968287E-2 , 1.429053272E-2
2.445000000E2 , 6.320709673E0 , 2.631432394E0 , 8.120367322E-5 , 3.561941041E-3 , 3.562866545E-3
2.450000000E2 , 6.320849395E0 , 2.631634036E0 , 9.372699797E-4 , 1.051626088E-3 , 1.408684650E-3
2.455000000E2 , 6.321044594E0 , 2.631321068E0 , 3.702506680E-4 , -1.237023665E-4 , 3.903688418E-4
2.460000000E2 , 6.321219646E0 , 2.631510334E0 , 5.591353375E-4 , 1.193655039E-3 , 1.318121647E-3
2.465000000E2 , 6.321603730E0 , 2.632514723E0 , -2.754382623E-5 , -1.082952619E-5 , 2.959630046E-5
2.470000000E2 , 6.321219640E0 , 2.631510336E0 , -4.836837342E-4 , 1.491078864E-2 , 1.491863157E-2
2.475000000E2 , 6.321120046E0 , 2.647425512E0 , -4.462552408E-4 , 1.740087182E-2 , 1.740659311E-2
2.480000000E2 , 6.320773385E0 , 2.648911208E0 , -5.608398288E-4 , 2.995077013E-3 , 3.047134330E-3
2.485000000E2 , 6.320559206E0 , 2.650420589E0 , -2.036092033E-4 , 1.400266016E-3 , 1.414991740E-3
2.490000000E2 , 6.320569776E0 , 2.650311474E0 , -2.613004349E-6 , 1.434962316E-3 , 1.434964695E-3
2.495000000E2 , 6.320556593E0 , 2.651855551E0 , 2.037367083E-4 , 2.623750534E-3 , 2.631648820E-3
2.500000000E2 , 6.320773513E0 , 2.652935225E0 , 6.141741370E-4 , 2.168502255E-3 , 2.253799437E-3
2.505000000E2 , 6.321170767E0 , 2.654024053E0 , 2.878999131E-4 , 3.485103248E-3 , 3.496974551E-3
2.510000000E2 , 6.321061413E0 , 2.656420328E0 , -2.921558360E-5 , 7.597204501E-3 , 7.597260676E-3
2.515000000E2 , 6.321141552E0 , 2.661621258E0 , -4.018511973E-4 , 7.018947689E-3 , 7.030441739E-3
2.520000000E2 , 6.320659561E0 , 2.663439276E0 , -4.989599376E-4 , 4.099499791E-3 , 4.129752966E-3
2.525000000E2 , 6.320642592E0 , 2.665720757E0 , 3.074451581E-5 , 6.403236838E-3 , 6.403310646E-3
2.530000000E2 , 6.320690306E0 , 2.669842513E0 , 2.809552387E-4 , 8.449395899E-3 , 8.454065703E-3
2.535000000E2 , 6.320923547E0 , 2.674170153E0 , 5.387082911E-4 , 7.475595003E-3 , 7.494980138E-3
2.540000000E2 , 6.321229014E0 , 2.677318108E0 , -1.020177876E-3 , 1.011549754E-3 , 1.436661340E-3
2.545000000E2 , 6.320798145E0 , 2.675626156E0 , -2.488002404E-4 , 1.775035585E-2 , 1.775209944E-2
2.550000000E2 , 6.320980214E0 , 2.695068463E0 , -2.432594704E-4 , 2.418566847E-2 , 2.418689179E-2
2.555000000E2 , 6.320554885E0 , 2.699811825E0 , -9.457897076E-6 , 1.364433272E-2 , 1.364433600E-2
2.560000000E2 , 6.320970756E0 , 2.708712796E0 , 4.289944793E-4 , 9.104378308E-3 , 9.114479724E-3
2.565000000E2 , 6.320983880E0 , 2.708916203E0 , 6.685036736E-3 , 4.953162908E-3 , 8.320068446E-3
2.570000000E2 , 6.327655793E0 , 2.713665959E0 , 6.548029569E-3 , 1.345976292E-2 , 1.496802957E-2
2.575000000E2 , 6.327531909E0 , 2.722375966E0 , 3.432230125E-4 , 9.059882592E-3 , 9.066381562E-3
2.580000000E2 , 6.327999016E0 , 2.722725842E0 , 1.749334657E-4 , 2.101008887E-3 , 2.108278934E-3
2.585000000E2 , 6.327706843E0 , 2.724476975E0 , -6.538562181E-4 , 3.808990606E-3 , 3.864704050E-3
2.590000000E2 , 6.327345160E0 , 2.726534832E0 , -1.319381572E-5 , 2.700555123E-3 , 2.700587353E-3
2.595000000E2 , 6.327693649E0 , 2.727177530E0 , 3.090668558E-4 , 1.678262682E-3 , 1.706484091E-3
2.600000000E2 , 6.327654226E0 , 2.728213095E0 , -3.282534559E-4 , 2.971173002E-3 , 2.989250632E-3
2.605000000E2 , 6.327365395E0 , 2.730148703E0 , 1.107026554E-3 , 2.037054442E-3 , 2.318425886E-3
2.610000000E2 , 6.328761253E0 , 2.730250149E0 , 4.633169237E-4 , 5.663636229E-4 , 7.317310470E-4
2.615000000E2 , 6.327828712E0 , 2.730715067E0 , 9.509098503E-5 , -3.914053785E-3 , 3.915208721E-3
2.620000000E2 , 6.328856344E0 , 2.726336096E0 , 5.701001529E-3 , -5.352337516E-4 , 5.726071393E-3
2.625000000E2 , 6.333529714E0 , 2.730179833E0 , 8.153589104E-4 , 1.301880952E-2 , 1.304431721E-2
2.630000000E2 , 6.329671703E0 , 2.739354905E0 , -3.757399623E-3 , 8.292300267E-3 , 9.103861579E-3
2.635000000E2 , 6.329772314E0 , 2.738472133E0 , 2.539697608E-3 , -2.715741247E-3 , 3.718240775E-3
2.640000000E2 , 6.332211400E0 , 2.736639164E0 , 2.747323256E-4 , 5.074193902E-3 , 5.081625882E-3
2.645000000E2 , 6.330047046E0 , 2.743546327E0 , -2.023914283E-3 , 7.811039298E-3 , 8.068987789E-3
2.650000000E2 , 6.330187486E0 , 2.744450203E0 , 7.820408541E-4 , 1.453488677E-3 , 1.650520291E-3
2.655000000E2 , 6.330829087E0 , 2.744999816E0 , 1.586232826E-4 , 1.036555379E-3 , 1.048622144E-3
2.660000000E2 , 6.330346109E0 , 2.745486758E0 , -7.002900059E-4 , 9.924377047E-4 , 1.214635209E-3
2.665000000E2 , 6.330128797E0 , 2.745992253E0 , -4.788305534E-4 , 6.625938601E-4 , 8.175018791E-4
2.670000000E2 , 6.329867279E0 , 2.746149352E0 , -2.415036445E-4 , 1.974774548E-3 , 1.989487001E-3
2.675000000E2 , 6.329887294E0 , 2.747967028E0 , 1.516252641E-3 , 4.851705878E-3 , 5.083116367E-3
2.680000000E2 , 6.331383532E0 , 2.751001058E0 , 1.114989652E-3 , 3.586853998E-3 , 3.756158081E-3
2.685000000E2 , 6.331002283E0 , 2.751553882E0 , -1.026075403E-3 , 1.195701650E-4 , 1.033018759E-3
2.690000000E2 , 6.330357456E0 , 2.751120628E0 , 1.499165939E-3 , -7.850881198E-4 , 1.692294853E-3
2.695000000E2 , 6.332501449E0 , 2.750768794E0 , 3.838254150E-4 , 3.352420859E-3 , 3.374321793E-3
2.700000000E2 , 6.330741282E0 , 2.754473049E0 , -1.235056125E-3 , 4.717079495E-3 , 4.876084760E-3
2.705000000E2 , 6.331266393E0 , 2.755485873E0 , -1.065347815E-3 , 2.745339924E-3 , 2.944801736E-3
2.710000000E2 , 6.329675934E0 , 2.757218389E0 , -1.020114175E-3 , 1.772222476E-3 , 2.044848511E-3
2.715000000E2 , 6.330246279E0 , 2.757258096E0 , 1.236354287E-3 , 3.910517059E-4 , 1.296724088E-3
2.720000000E2 , 6.330912288E0 , 2.757609441E0 , 4.201396908E-4 , 2.636606907E-3 , 2.669871410E-3
2.725000000E2 , 6.330666419E0 , 2.759894703E0 , 2.175819012E-3 , 3.912336707E-3 , 4.476669173E-3
2.730000000E2 , 6.333088107E0 , 2.761521778E0 , 1.295843548E-3 , 2.763706218E-3 , 3.052422409E-3
2.735000000E2 , 6.331962262E0 , 2.762658409E0 , -1.316628495E-4 , 1.681239767E-3 , 1.686387340E-3
2.740000000E2 , 6.332956444E0 , 2.763203017E0 , -9.376164809E-4 , 5.231063648E-4 , 1.073668913E-3
2.745000000E2 , 6.331024646E0 , 2.763181515E0 , -1.022987914E-3 , 1.680058106E-3 , 1.967002672E-3
2.750000000E2 , 6.331933456E0 , 2.764883075E0 , 1.328694441E-3 , 5.260133658E-3 , 5.425351142E-3
2.755000000E2 , 6.332353340E0 , 2.768441649E0 , 2.936506862E-3 , 4.984324081E-3 , 5.785028876E-3
2.760000000E2 , 6.334869963E0 , 2.769867400E0 , 2.516547081E-3 , 1.425740651E-3 , 2.892359870E-3
2.765000000E2 , 6.334869887E0 , 2.769867390E0 , -5.134519388E-8 , -6.664695588E-9 , 5.177593168E-8
2.770000000E2 , 6.334869912E0 , 2.769867393E0 , 3.366187371E-4 , 3.725730987E-3 , 3.740906784E-3
2.775000000E2 , 6.335206506E0 , 2.773593121E0 , 3.807890462E-4 , 4.897588358E-3 , 4.912369288E-3
2.780000000E2 , 6.335250701E0 , 2.774764981E0 , 1.454260828E-3 , 2.544596288E-3 , 2.930843706E-3
2.785000000E2 , 6.336660767E0 , 2.776137717E0 , 1.435816944E-3 , 1.287423343E-3 , 1.928478457E-3
2.790000000E2 , 6.336686518E0 , 2.776052405E0 , -3.119739003E-3 , 1.635042798E-2 , 1.664539776E-2
2.795000000E2 , 6.333541028E0 , 2.792488145E0 , -4.173765684E-3 , 2.124231963E-2 , 2.164847485E-2
2.800000000E2 , 6.332512752E0 , 2.797294724E0 , -1.062611396E-3 , 6.262845642E-3 , 6.352352204E-3
2.805000000E2 , 6.332478416E0 , 2.798750991E0 , 1.520520311E-3 , -1.750502166E-3 , 2.318672001E-3
2.810000000E2 , 6.334033272E0 , 2.795544222E0 , 1.590534917E-2 , 1.044838958E-2 , 1.903021222E-2
2.815000000E2 , 6.348383766E0 , 2.809199380E0 , 1.581229554E-2 , 1.176464339E-2 , 1.970876771E-2
2.820000000E2 , 6.349845568E0 , 2.807308865E0 , 1.908589732E-3 , -1.760310277E-3 , 2.596421968E-3
2.825000000E2 , 6.350292355E0 , 2.807439070E0 , 6.849435435E-5 , 5.506531223E-3 , 5.506957199E-3
2.830000000E2 , 6.349914062E0 , 2.812815397E0 , 2.685139911E-4 , 4.977065291E-3 , 4.984303229E-3
2.835000000E2 , 6.350560869E0 , 2.812416135E0 , 8.793588456E-4 , -1.821240101E-4 , 8.980206759E-4
2.840000000E2 , 6.350793421E0 , 2.812633273E0 , 2.396753465E-4 , 7.022970646E-5 , 2.497528446E-4
2.845000000E2 , 6.350800545E0 , 2.812486365E0 , 2.489931562E-3 , 1.614807664E-2 , 1.633891485E-2
2.850000000E2 , 6.353283353E0 , 2.828781349E0 , 2.796929321E-2 , 9.439446771E-2 , 9.845098728E-2
2.855000000E2 , 6.378769838E0 , 2.906880833E0 , 2.534515887E-2 , 8.112218694E-2 , 8.498933046E-2
2.860000000E2 , 6.378628512E0 , 2.909903536E0 , 7.399838560E-4 , 2.514996490E-3 , 2.621599407E-3
2.865000000E2 , 6.379509822E0 , 2.909395829E0 , 4.736083219E-4 , 1.950562833E-3 , 2.007236959E-3
2.870000000E2 , 6.379102120E0 , 2.911854099E0 , -5.524957419E-4 , 4.740028174E-3 , 4.772118883E-3
2.875000000E2 , 6.378957326E0 , 2.914135857E0 , 1.347117733E-4 , 2.958752626E-3 , 2.961817747E-3
2.880000000E2 , 6.379236832E0 , 2.914812852E0 , 2.550109148E-4 , 3.926125202E-3 , 3.934398260E-3
2.885000000E2 , 6.379212337E0 , 2.918061982E0 , 1.393418833E-3 , 5.129985854E-3 , 5.315860316E-3
2.890000000E2 , 6.380630250E0 , 2.919942838E0 , -8.537900946E-5 , 3.093044010E-3 , 3.094222168E-3
2.895000000E2 , 6.379126958E0 , 2.921155026E0 , -1.216816548E-3 , 3.396917854E-3 , 3.608281227E-3
2.900000000E2 , 6.379413434E0 , 2.923339755E0 , 8.115896533E-4 , 3.708916997E-3 , 3.796675264E-3
2.905000000E2 , 6.379938548E0 , 2.924863943E0 , 1.914428000E-3 , 2.246451234E-3 , 2.951538195E-3
2.910000000E2 , 6.381327862E0 , 2.925586207E0 , 1.466827749E-3 , 1.106101032E-3 , 1.837129048E-3
2.915000000E2 , 6.381405375E0 , 2.925970044E0 , 4.147880315E-4 , 8.987313993E-4 , 9.898319247E-4
2.920000000E2 , 6.381742650E0 , 2.926484938E0 , 7.232838432E-4 , 5.052923291E-3 , 5.104426834E-3
2.925000000E2 , 6.382128659E0 , 2.931022968E0 , -1.873780153E-5 , 5.889506099E-3 , 5.889535907E-3
2.930000000E2 , 6.381723912E0 , 2.932374444E0 , -9.498699832E-4 , 2.666343189E-3 , 2.830483879E-3
2.935000000E2 , 6.381178789E0 , 2.933689311E0 , 9.165036278E-4 , 2.215323216E-3 , 2.397422752E-3
2.940000000E2 , 6.382640416E0 , 2.934589767E0 , 4.469100909E-3 , 1.896842603E-3 , 4.854984531E-3
2.945000000E2 , 6.385647890E0 , 2.935586154E0 , 7.837491457E-4 , 2.769252935E-3 , 2.878024417E-3
2.950000000E2 , 6.383424165E0 , 2.937359020E0 , 7.915901362E-5 , 2.402137543E-3 , 2.403441475E-3
2.955000000E2 , 6.385727049E0 , 2.937988291E0 , 3.524001133E-3 , 4.174951994E-4 , 3.548645689E-3
2.960000000E2 , 6.386948166E0 , 2.937776515E0 , 2.226463136E-3 , 8.673865563E-4 , 2.389455489E-3
2.965000000E2 , 6.387953512E0 , 2.938855678E0 , -4.758568226E-4 , 2.947507909E-3 , 2.985672887E-3
2.970000000E2 , 6.386472309E0 , 2.940724023E0 , -1.205396881E-3 , 4.746186906E-3 , 4.896863464E-3
2.975000000E2 , 6.386748115E0 , 2.943601865E0 , -5.306904307E-4 , 6.571866815E-3 , 6.593259116E-3
2.980000000E2 , 6.385941619E0 , 2.947295890E0 , -2.976534386E-3 , 7.236993695E-3 , 7.825205089E-3
2.985000000E2 , 6.383771581E0 , 2.950838858E0 , -5.435444748E-3 , 5.655683012E-3 , 7.844157695E-3
2.990000000E2 , 6.380506174E0 , 2.952951573E0 , -1.097701464E-3 , 9.145875938E-5 , 1.101504974E-3
2.995000000E2 , 6.382673879E0 , 2.950930317E0 , 3.046819460E-3 , 7.953387691E-3 , 8.517011482E-3
3.000000000E2 , 6.383552994E0 , 2.960904961E0 , 9.611222233E-4 , 1.171957887E-2 , 1.175892362E-2
3.005000000E2 , 6.383635002E0 , 2.962649896E0 , -7.437365775E-4 , 5.940766740E-3 , 5.987140683E-3
3.010000000E2 , 6.382809257E0 , 2.966845728E0 , -5.317704423E-4 , 6.866424928E-3 , 6.886985632E-3
3.015000000E2 , 6.383103231E0 , 2.969516321E0 , 8.661107651E-4 , 4.924950054E-3 , 5.000528061E-3
3.020000000E2 , 6.383675368E0 , 2.971770678E0 , 1.203670755E-3 , 9.418778243E-3 , 9.495378185E-3
3.025000000E2 , 6.384306902E0 , 2.978935099E0 , 1.887212085E-3 , 9.146918237E-3 , 9.339576151E-3
3.030000000E2 , 6.385562580E0 , 2.980917596E0 , 5.659968498E-4 , 7.280064288E-3 , 7.302033174E-3
3.035000000E2 , 6.384872899E0 , 2.986215163E0 , 9.917994316E-3 , 1.196069955E-2 , 1.553785523E-2
3.040000000E2 , 6.395480574E0 , 2.992878295E0 , 1.085128723E-2 , 9.747429987E-3 , 1.458639180E-2
3.045000000E2 , 6.395724186E0 , 2.995962593E0 , 5.478021010E-4 , 6.366678269E-3 , 6.390201821E-3
3.050000000E2 , 6.396028376E0 , 2.999244974E0 , -8.192078619E-6 , 8.444401681E-3 , 8.444405654E-3
3.055000000E2 , 6.395715994E0 , 3.004406995E0 , 1.332362239E-3 , 6.884698335E-3 , 7.012436117E-3
3.060000000E2 , 6.397360738E0 , 3.006129672E0 , 1.644749257E-3 , 1.722679535E-3 , 2.381769280E-3
3.065000000E2 , 6.397360743E0 , 3.006129675E0 , 1.498629996E-5 , -1.651035921E-5 , 2.229755923E-5
3.070000000E2 , 6.397375725E0 , 3.006113162E0 , 2.054371313E-3 , 6.358378148E-3 , 6.682021713E-3
3.075000000E2 , 6.399415115E0 , 3.012488053E0 , 2.018622922E-3 , 6.482297644E-3 , 6.789331429E-3
3.080000000E2 , 6.399394348E0 , 3.012595459E0 , -2.838918247E-4 , 3.269967423E-3 , 3.282267740E-3
3.085000000E2 , 6.399131223E0 , 3.015758020E0 , 4.757493532E-6 , 3.509950460E-3 , 3.509953685E-3
3.090000000E2 , 6.399399105E0 , 3.016105410E0 , -3.990714141E-4 , 4.313909897E-3 , 4.332329235E-3
3.095000000E2 , 6.398732151E0 , 3.020071930E0 , -1.454983606E-3 , 1.168157955E-2 , 1.177184259E-2
3.100000000E2 , 6.397944122E0 , 3.027786989E0 , -9.959019979E-4 , 1.284611812E-2 , 1.288466420E-2
3.105000000E2 , 6.397736249E0 , 3.032918048E0 , 7.730599585E-5 , 6.931848974E-3 , 6.932280030E-3
3.110000000E2 , 6.398021428E0 , 3.034718838E0 , 3.403405911E-4 , 4.710617873E-3 , 4.722896617E-3
3.115000000E2 , 6.398076590E0 , 3.037628666E0 , 9.841414741E-4 , 2.890285855E-3 , 3.053242009E-3
3.120000000E2 , 6.399005569E0 , 3.037609124E0 , 2.499151746E-4 , 2.425904235E-3 , 2.438743314E-3
3.125000000E2 , 6.398326505E0 , 3.040054570E0 , 8.707078269E-4 , 2.233545855E-3 , 2.397260772E-3
3.130000000E2 , 6.399876277E0 , 3.039842670E0 , 2.303027393E-3 , -3.288780401E-4 , 2.326391183E-3
3.135000000E2 , 6.400629532E0 , 3.039725692E0 , -2.320138497E-3 , 1.805452767E-2 , 1.820299459E-2
3.140000000E2 , 6.397556138E0 , 3.057897198E0 , -3.730021079E-3 , 2.456795540E-2 , 2.484949677E-2
3.145000000E2 , 6.396899511E0 , 3.064293648E0 , 8.537912187E-4 , 2.169261115E-2 , 2.170940667E-2
3.150000000E2 , 6.398409930E0 , 3.079589809E0 , 9.035342791E-3 , 1.988182150E-2 , 2.183859532E-2
3.155000000E2 , 6.405934854E0 , 3.084175469E0 , 7.700287062E-3 , 1.369790221E-2 , 1.571390931E-2
3.160000000E2 , 6.406110217E0 , 3.093287711E0 , 9.867790632E-4 , 1.242699235E-2 , 1.246610893E-2
3.165000000E2 , 6.406921633E0 , 3.096602461E0 , 8.565219954E-4 , 4.126379938E-3 , 4.214337589E-3
3.170000000E2 , 6.406966739E0 , 3.097414091E0 , -2.010617965E-4 , 3.431257649E-3 , 3.437143421E-3
3.175000000E2 , 6.406720571E0 , 3.100033719E0 , -1.265626200E-5 , 1.904153370E-3 , 1.904195430E-3
3.180000000E2 , 6.406954082E0 , 3.099318244E0 , 3.107413261E-4 , 1.441036833E-3 , 1.474159871E-3
3.185000000E2 , 6.407031313E0 , 3.101474756E0 , 9.365999757E-6 , 5.944669396E-3 , 5.944676774E-3
3.190000000E2 , 6.406963448E0 , 3.105262914E0 , 3.738734905E-4 , 4.391536417E-3 , 4.407422545E-3
3.195000000E2 , 6.407405186E0 , 3.105866292E0 , 1.870195744E-4 , 2.297155131E-3 , 2.304755522E-3
3.200000000E2 , 6.407150468E0 , 3.107560069E0 , -6.309422518E-4 , 4.151768457E-3 , 4.199436801E-3
3.205000000E2 , 6.406774244E0 , 3.110018061E0 , -4.294343337E-4 , 3.132240202E-3 , 3.161541164E-3
3.210000000E2 , 6.406721034E0 , 3.110692309E0 , 2.378486368E-5 , 2.943963264E-3 , 2.944059344E-3
3.215000000E2 , 6.406798029E0 , 3.112962024E0 , -7.122382964E-5 , 4.894989032E-3 , 4.895507171E-3
3.220000000E2 , 6.406649810E0 , 3.115587298E0 , 1.213359047E-4 , 1.137232606E-3 , 1.143687195E-3
3.225000000E2 , 6.406919365E0 , 3.114099257E0 , 3.005205259E-4 , -8.940135192E-4 , 9.431716488E-4
3.230000000E2 , 6.406950330E0 , 3.114693285E0 , 2.905393734E-4 , 2.933904412E-3 , 2.948255115E-3
3.235000000E2 , 6.407209904E0 , 3.117033161E0 , 2.604339716E-4 , 2.277224223E-3 , 2.292068065E-3
3.240000000E2 , 6.407210764E0 , 3.116970509E0 , 4.977595760E-4 , 1.242837121E-3 , 1.338808689E-3
3.245000000E2 , 6.407707664E0 , 3.118275998E0 , -2.709807793E-4 , 3.282527859E-3 , 3.293693933E-3
3.250000000E2 , 6.406939784E0 , 3.120253037E0 , -7.949360963E-4 , 2.316979192E-3 , 2.449554239E-3
3.255000000E2 , 6.406912728E0 , 3.120592977E0 , 1.522702681E-4 , 3.103182968E-3 , 3.106916602E-3
3.260000000E2 , 6.407092054E0 , 3.123356220E0 , -3.879453992E-4 , 7.663401416E-3 , 7.673214639E-3
3.265000000E2 , 6.406524782E0 , 3.128256379E0 , -2.759612729E-4 , 5.868300312E-3 , 5.874785372E-3
3.270000000E2 , 6.406816093E0 , 3.129224520E0 , 3.148302611E-4 , 1.349950203E-3 , 1.386175907E-3
3.275000000E2 , 6.406839612E0 , 3.129606329E0 , 4.254223776E-5 , 1.459283954E-3 , 1.459903936E-3
3.280000000E2 , 6.406858635E0 , 3.130683804E0 , 9.404854045E-4 , 4.130200124E-4 , 1.027179793E-3
3.285000000E2 , 6.407780098E0 , 3.130019349E0 , -3.400997305E-6 , 1.295080925E-3 , 1.295085391E-3
3.290000000E2 , 6.406855234E0 , 3.131978885E0 , -8.928662904E-4 , 1.392143580E-3 , 1.653866367E-3
3.295000000E2 , 6.406887232E0 , 3.131411493E0 , 8.980446645E-4 , 4.667011844E-3 , 4.752629143E-3
3.300000000E2 , 6.407753278E0 , 3.136645897E0 , 8.521157332E-4 , 5.509707016E-3 , 5.575210546E-3
3.305000000E2 , 6.407739347E0 , 3.136921200E0 , -7.126219913E-5 , 1.182956463E-3 , 1.185100964E-3
3.310000000E2 , 6.407682016E0 , 3.137828853E0 , 4.456964764E-4 , -4.374165117E-4 , 6.244826289E-4
3.315000000E2 , 6.408185044E0 , 3.136483783E0 , 3.065504219E-4 , 3.983693527E-4 , 5.026642044E-4
3.320000000E2 , 6.407988567E0 , 3.138227223E0 , 1.496905708E-5 , 7.212226791E-3 , 7.212242325E-3
3.325000000E2 , 6.408200013E0 , 3.143696010E0 , 8.707650843E-4 , 6.232983848E-3 , 6.293514081E-3
3.330000000E2 , 6.408859332E0 , 3.144460206E0 , 1.864116897E-4 , 2.370798634E-3 , 2.378115952E-3
3.335000000E2 , 6.408386425E0 , 3.146066809E0 , -7.291058750E-4 , 7.588468891E-3 , 7.623414949E-3
3.340000000E2 , 6.408130226E0 , 3.152048675E0 , -7.640951320E-4 , 3.548395281E-3 , 3.629731456E-3
3.345000000E2 , 6.407622329E0 , 3.149615204E0 , -1.845705917E-4 , -1.973206282E-3 , 1.981819702E-3
3.350000000E2 , 6.407945655E0 , 3.150075469E0 , 1.270814995E-4 , 4.967965720E-3 , 4.969590839E-3
3.355000000E2 , 6.407749411E0 , 3.154583170E0 , 3.453934394E-4 , 4.988390880E-3 , 5.000334009E-3
3.360000000E2 , 6.408291049E0 , 3.155063860E0 , 5.269234581E-4 , 8.094556228E-4 , 9.658502658E-4
3.365000000E2 , 6.408276334E0 , 3.155392625E0 , 2.827845302E-5 , -3.487510850E-4 , 3.498956847E-4
3.370000000E2 , 6.408319327E0 , 3.154715109E0 , 9.469022726E-4 , 1.117630620E-2 , 1.121634719E-2
3.375000000E2 , 6.409223237E0 , 3.166568931E0 , 8.624422492E-4 , 1.268673591E-2 , 1.271601647E-2
3.380000000E2 , 6.409181769E0 , 3.167401845E0 , -2.535021388E-4 , 2.709187051E-3 , 2.721021465E-3
3.385000000E2 , 6.408969735E0 , 3.169278118E0 , -3.144334672E-4 , 2.251668569E-3 , 2.273517044E-3
3.390000000E2 , 6.408867336E0 , 3.169653513E0 , 7.576107603E-3 , 7.080852985E-3 , 1.036995108E-2
3.395000000E2 , 6.416545842E0 , 3.176358971E0 , 6.507128409E-3 , 2.263761172E-2 , 2.355428166E-2
3.400000000E2 , 6.415374464E0 , 3.192291125E0 , -1.078402993E-3 , 1.966045464E-2 , 1.969000837E-2
3.405000000E2 , 6.415467439E0 , 3.196019426E0 , 3.293876582E-4 , 2.892593307E-3 , 2.911287047E-3
3.410000000E2 , 6.415703852E0 , 3.195183718E0 , -3.443728667E-4 , 7.223563643E-4 , 8.002445804E-4
3.415000000E2 , 6.415123066E0 , 3.196741782E0 , 1.022466700E-3 , -9.163836165E-4 , 1.373024794E-3
3.420000000E2 , 6.416726319E0 , 3.194267335E0 , 1.632016891E-3 , 3.955118560E-3 , 4.278602804E-3
3.425000000E2 , 6.416755083E0 , 3.200696901E0 , -4.246024251E-4 , 1.136157708E-2 , 1.136950839E-2
3.430000000E2 , 6.416301716E0 , 3.205628912E0 , -3.636516742E-4 , 4.475032921E-3 , 4.489784202E-3
3.435000000E2 , 6.416391431E0 , 3.205171934E0 , 1.625213371E-4 , 3.087994282E-5 , 1.654290056E-4
3.440000000E2 , 6.416464238E0 , 3.205659792E0 , 7.823399735E-5 , 8.326501842E-5 , 1.142524470E-4
3.445000000E2 , 6.416469665E0 , 3.205255199E0 , 8.092462632E-4 , 1.215488868E-2 , 1.218179783E-2
3.450000000E2 , 6.417273484E0 , 3.217814680E0 , 9.352308768E-4 , 1.291067099E-2 , 1.294450008E-2
3.455000000E2 , 6.417404896E0 , 3.218165870E0 , 5.219577198E-4 , 3.912093089E-3 , 3.946759709E-3
3.460000000E2 , 6.417795442E0 , 3.221726773E0 , 4.839082055E-4 , 2.729438149E-3 , 2.772002842E-3
3.465000000E2 , 6.417888805E0 , 3.220895308E0 , -4.509830121E-6 , 1.293705806E-3 , 1.293713666E-3
3.470000000E2 , 6.417790932E0 , 3.223020479E0 , 2.730103535E-4 , 9.182130351E-3 , 9.186188134E-3
3.475000000E2 , 6.418161815E0 , 3.230077438E0 , 3.958265128E-4 , 5.903597413E-3 , 5.916852291E-3
3.480000000E2 , 6.418186758E0 , 3.228924077E0 , -4.422215059E-5 , 9.549097371E-5 , 1.052336670E-4
3.485000000E2 , 6.418117593E0 , 3.230172929E0 , -1.809648025E-4 , 6.818386467E-3 , 6.820787512E-3
3.490000000E2 , 6.418005793E0 , 3.235742463E0 , 4.222575944E-4 , 7.173182342E-3 , 7.185599932E-3
3.495000000E2 , 6.418539850E0 , 3.237346112E0 , 2.246053229E-4 , 4.846813038E-3 , 4.852014446E-3
3.500000000E2 , 6.418230399E0 , 3.240589276E0 , -4.360232452E-4 , 1.172605072E-2 , 1.173415449E-2
3.505000000E2 , 6.418103827E0 , 3.249072162E0 , -5.442261593E-5 , 8.788374262E-3 , 8.788542769E-3
3.510000000E2 , 6.418175976E0 , 3.249377650E0 , 4.996260350E-4 , -1.174323087E-2 , 1.175385458E-2
3.515000000E2 , 6.418603453E0 , 3.237328932E0 , 1.890841249E-3 , -1.426073688E-2 , 1.438554473E-2
3.520000000E2 , 6.420066817E0 , 3.235116914E0 , 2.102080152E-3 , 1.620672813E-2 , 1.634248383E-2
3.525000000E2 , 6.420705533E0 , 3.253535660E0 , 7.719306110E-4 , 1.943241859E-2 , 1.944774458E-2
3.530000000E2 , 6.420838748E0 , 3.254549332E0 , 6.876724347E-4 , 7.838044626E-3 , 7.868153337E-3
3.535000000E2 , 6.421393206E0 , 3.261373704E0 , 5.953462222E-4 , 9.241359558E-3 , 9.260516379E-3
3.540000000E2 , 6.421434094E0 , 3.263790692E0 , 9.868364104E-3 , 8.131941657E-3 , 1.278722351E-2
3.545000000E2 , 6.431261570E0 , 3.269505646E0 , 9.041632795E-3 , 5.598134043E-3 , 1.063438895E-2
3.550000000E2 , 6.430475727E0 , 3.269388826E0 , -8.021340841E-4 , 7.431104464E-4 , 1.093449690E-3
3.555000000E2 , 6.430459436E0 , 3.270248756E0 , 2.251512325E-4 , 1.190574726E-3 , 1.211677043E-3
3.560000000E2 , 6.430700878E0 , 3.270579401E0 , 3.439234211E-3 , 3.632646541E-3 , 5.002444687E-3
3.565000000E2 , 6.433898670E0 , 3.273881403E0 , 1.676692486E-3 , 1.435573320E-3 , 2.207298903E-3
3.570000000E2 , 6.432377571E0 , 3.272014974E0 , -1.475023651E-3 , 1.296497597E-3 , 1.963823004E-3
3.575000000E2 , 6.432423646E0 , 3.275177901E0 , -1.061545178E-4 , 6.166988640E-3 , 6.167902209E-3
3.580000000E2 , 6.432271416E0 , 3.278181962E0 , 4.827373449E-4 , 1.276596674E-3 , 1.364820286E-3
3.585000000E2 , 6.432906384E0 , 3.276454497E0 , -2.547678934E-3 , 2.804053009E-3 , 3.788585651E-3
3.590000000E2 , 6.429723737E0 , 3.280986015E0 , -3.446219527E-3 , 4.758097086E-3 , 5.875024843E-3
3.595000000E2 , 6.429460164E0 , 3.281212594E0 , 5.156325431E-3 , 8.099233160E-3 , 9.601316042E-3
3.600000000E2 , 6.434880063E0 , 3.289085249E0 , 5.049006079E-3 , 8.161319942E-3 , 9.596853942E-3
3.605000000E2 , 6.434509170E0 , 3.289373914E0 , -4.504395219E-4 , 2.629523539E-3 , 2.667824921E-3
3.610000000E2 , 6.434429623E0 , 3.291714772E0 , 6.975208728E-4 , 2.957061464E-3 , 3.038214586E-3
3.615000000E2 , 6.435206691E0 , 3.292330976E0 , 7.020333877E-4 , 8.426390657E-4 , 1.096764092E-3
3.620000000E2 , 6.435131657E0 , 3.292557411E0 , 7.360806071E-4 , 3.743340128E-3 , 3.815024243E-3
3.625000000E2 , 6.435942772E0 , 3.296074316E0 , 1.097265383E-3 , 2.919341443E-3 , 3.118741057E-3
3.630000000E2 , 6.436228922E0 , 3.295476753E0 , 5.862438978E-4 , -4.321902235E-3 , 4.361481496E-3
3.635000000E2 , 6.436529016E0 , 3.291752414E0 , 4.574159814E-3 , -1.027618110E-2 , 1.124823702E-2
3.640000000E2 , 6.440803082E0 , 3.285200572E0 , 4.236498559E-3 , -6.016678882E-3 , 7.358555891E-3
3.645000000E2 , 6.440765514E0 , 3.285735735E0 , -1.627370708E-4 , 3.288887835E-3 , 3.292911561E-3
3.650000000E2 , 6.440640345E0 , 3.288489459E0 , 2.401977733E-3 , 7.838713536E-3 , 8.198471011E-3
3.655000000E2 , 6.443167492E0 , 3.293574448E0 , 3.023537285E-3 , 6.419783996E-3 , 7.096154189E-3
3.660000000E2 , 6.443663882E0 , 3.294909243E0 , -3.544212487E-3 , 1.382889642E-2 , 1.427584737E-2
3.665000000E2 , 6.439623279E0 , 3.307403345E0 , -7.107912562E-3 , 1.765922218E-2 , 1.903603291E-2
3.670000000E2 , 6.436555969E0 , 3.312568466E0 , 1.050326166E-3 , -7.424115959E-5 , 1.052946725E-3
3.675000000E2 , 6.440673606E0 , 3.307329104E0 , 3.830549534E-3 , -2.334149587E-3 , 4.485684343E-3
3.680000000E2 , 6.440386519E0 , 3.310234316E0 , 8.568772057E-4 , 7.133751322E-3 , 7.185029330E-3
3.685000000E2 , 6.441530483E0 , 3.314462855E0 , 8.914996424E-4 , 3.383464918E-3 , 3.498943621E-3
3.690000000E2 , 6.441278019E0 , 3.313617781E0 , -4.500011864E-4 , 6.233393252E-4 , 7.687997022E-4
3.695000000E2 , 6.441080482E0 , 3.315086194E0 , -1.490488561E-4 , 7.002422696E-3 , 7.004008793E-3
3.700000000E2 , 6.441128970E0 , 3.320620204E0 , 3.890078901E-4 , 6.957212220E-3 , 6.968079292E-3
3.705000000E2 , 6.441469489E0 , 3.322043406E0 , 5.214216779E-4 , 3.065922493E-3 , 3.109945546E-3
3.710000000E2 , 6.441650391E0 , 3.323686126E0 , 2.738597646E-3 , 4.417677536E-3 , 5.197671775E-3
3.715000000E2 , 6.444208087E0 , 3.326461084E0 , 5.987403826E-3 , 1.717254420E-3 , 6.228801435E-3
3.720000000E2 , 6.447637795E0 , 3.325403381E0 , 1.934965752E-2 , 5.913889830E-2 , 6.222393863E-2
3.725000000E2 , 6.463557745E0 , 3.385599982E0 , 1.528102923E-2 , 6.791599977E-2 , 6.961388424E-2
3.730000000E2 , 6.462918825E0 , 3.393319380E0 , -1.672059714E-3 , 6.128752099E-3 , 6.352746333E-3
3.735000000E2 , 6.461885685E0 , 3.391728734E0 , -1.030636334E-3 , -1.590120984E-3 , 1.894913190E-3
3.740000000E2 , 6.461888188E0 , 3.391729259E0 , 2.502895797E-6 , 5.248839618E-7 , 2.557340522E-6
3.745000000E2 , 6.461888188E0 , 3.391729259E0 , 6.957012491E-3 , 7.800394035E-3 , 1.045208926E-2
3.750000000E2 , 6.468845201E0 , 3.399529653E0 , 6.636846572E-3 , 8.306738327E-3 , 1.063248015E-2
3.755000000E2 , 6.468525034E0 , 3.400035998E0 , -3.275543966E-5 , 7.602036607E-4 , 7.609090120E-4
3.760000000E2 , 6.468812445E0 , 3.400289857E0 , 4.220250715E-4 , 4.362011428E-3 , 4.382379361E-3
3.765000000E2 , 6.468947059E0 , 3.404398009E0 , 2.179449721E-4 , 9.853128125E-3 , 9.855538233E-3
3.770000000E2 , 6.469030390E0 , 3.410142985E0 , -1.215127450E-4 , 5.978807852E-3 , 5.980042532E-3
3.775000000E2 , 6.468825547E0 , 3.410376817E0 , -1.127130071E-4 , 1.290185761E-2 , 1.290234994E-2
3.780000000E2 , 6.468917677E0 , 3.423044843E0 , -3.380552093E-6 , 1.206526585E-2 , 1.206526632E-2
3.785000000E2 , 6.468822166E0 , 3.422442083E0 , 1.801965039E-4 , 6.860471544E-3 , 6.862837648E-3
3.790000000E2 , 6.469097874E0 , 3.429905314E0 , -1.756172917E-5 , 1.625603740E-3 , 1.625698599E-3
3.795000000E2 , 6.468804604E0 , 3.424067686E0 , 3.153083329E-4 , -7.841317795E-3 , 7.847654688E-3
3.800000000E2 , 6.469413182E0 , 3.422063996E0 , 5.031084645E-3 , 3.687773032E-3 , 6.237906912E-3
3.805000000E2 , 6.473835689E0 , 3.427755459E0 , 5.555060955E-3 , -1.594289396E-3 , 5.779313185E-3
3.810000000E2 , 6.474968243E0 , 3.420469707E0 , 9.460993352E-4 , -6.899656238E-3 , 6.964219996E-3
3.815000000E2 , 6.474781788E0 , 3.420855803E0 , -3.588312208E-6 , 4.484329552E-7 , 3.616224083E-6
3.820000000E2 , 6.474964655E0 , 3.420470156E0 , -2.615521389E-4 , 1.770871535E-2 , 1.771064676E-2
3.825000000E2 , 6.474520236E0 , 3.438564519E0 , -4.250856287E-4 , 1.953438784E-2 , 1.953901241E-2
3.830000000E2 , 6.474539569E0 , 3.440004543E0 , 1.010376392E-3 , 4.169006947E-3 , 4.289694555E-3
3.835000000E2 , 6.475530613E0 , 3.442733526E0 , 1.183568017E-5 , 7.280230785E-3 , 7.280240406E-3
3.840000000E2 , 6.474551405E0 , 3.447284774E0 , 9.826952360E-3 , 9.289479910E-3 , 1.352270053E-2
3.845000000E2 , 6.485357565E0 , 3.452023005E0 , -1.545226343E-3 , -1.494550048E-2 , 1.502516919E-2
3.850000000E2 , 6.473006178E0 , 3.432339274E0 , -1.221152265E-2 , -1.704622255E-2 , 2.096890528E-2
3.855000000E2 , 6.473146042E0 , 3.434976783E0 , 1.307620060E-2 , 2.401461447E-2 , 2.734389749E-2
3.860000000E2 , 6.486082379E0 , 3.456353888E0 , 4.945287947E-3 , 5.604898555E-3 , 7.474674621E-3
3.865000000E2 , 6.478091330E0 , 3.440581681E0 , -6.609850479E-3 , -1.770834720E-2 , 1.890173759E-2
3.870000000E2 , 6.479472529E0 , 3.438645541E0 , 1.761706925E-3 , 2.996746338E-3 , 3.476219197E-3
3.875000000E2 , 6.479853037E0 , 3.443578428E0 , 6.990504385E-3 , 1.697886700E-2 , 1.836161965E-2
3.880000000E2 , 6.486463033E0 , 3.455624408E0 , 7.174205437E-3 , 1.487667588E-2 , 1.651619535E-2
3.885000000E2 , 6.487027243E0 , 3.458455104E0 , 1.172306340E-4 , 1.128214772E-2 , 1.128275676E-2
3.890000000E2 , 6.486580264E0 , 3.466906556E0 , 8.836145768E-4 , 1.946241059E-2 , 1.948245879E-2
3.895000000E2 , 6.487910857E0 , 3.477917514E0 , 2.989456743E-3 , 8.656995827E-3 , 9.158625899E-3
3.900000000E2 , 6.489569720E0 , 3.475563551E0 , 1.810178491E-3 , -6.462174036E-4 , 1.922067403E-3
3.905000000E2 , 6.489721036E0 , 3.477271297E0 , -3.381782420E-4 , 1.017301411E-2 , 1.017863353E-2
3.910000000E2 , 6.489231542E0 , 3.485736566E0 , -8.183025989E-4 , 8.390263349E-3 , 8.430073440E-3
3.915000000E2 , 6.488902733E0 , 3.485661560E0 , 5.855835009E-5 , 1.995176701E-3 , 1.996035859E-3
3.920000000E2 , 6.489290100E0 , 3.487731742E0 , 1.611935525E-3 , 8.025194255E-3 , 8.185479764E-3
3.925000000E2 , 6.490514669E0 , 3.493686754E0 , 2.711635915E-3 , 6.549641720E-3 , 7.088778174E-3
3.930000000E2 , 6.492001736E0 , 3.494281384E0 , 2.173253372E-3 , 3.025944400E-3 , 3.725502614E-3
3.935000000E2 , 6.492687922E0 , 3.496712699E0 , 5.704835325E-4 , 1.121824462E-2 , 1.123274071E-2
3.940000000E2 , 6.492572220E0 , 3.505499629E0 , 6.524826155E-4 , 6.795606461E-3 , 6.826858776E-3
3.945000000E2 , 6.493340405E0 , 3.503508305E0 , 1.391154631E-3 , 2.891477606E-3 , 3.208730895E-3
3.950000000E2 , 6.493963374E0 , 3.508391106E0 , 8.591501015E-3 , 3.249494671E-2 , 3.361153748E-2
3.955000000E2 , 6.501931906E0 , 3.536003252E0 , 7.968531211E-3 , 4.301956736E-2 , 4.375135044E-2
3.960000000E2 , 6.501931906E0 , 3.551410674E0 , -1.610564991E-7 , 1.540785126E-2 , 1.540785126E-2
3.965000000E2 , 6.501931745E0 , 3.551411103E0 , 0.000000000E0 , -0.000000000E0 , 0.000000000E0
3.970000000E2 , 6.501931906E0 , 3.551410674E0 , 1.553015788E-3 , 2.889621327E-3 , 3.280513596E-3
3.975000000E2 , 6.503484760E0 , 3.554300725E0 , 2.002705439E-3 , 3.036210477E-3 , 3.637224647E-3
3.980000000E2 , 6.503934611E0 , 3.554446884E0 , 1.209504815E-4 , 6.251697681E-4 , 6.367623245E-4
3.985000000E2 , 6.504501987E0 , 3.555666149E0 , 1.308584698E-3 , 1.506461398E-3 , 1.995449788E-3
3.990000000E2 , 6.505243196E0 , 3.555953345E0 , 9.623763552E-4 , 1.619848863E-3 , 1.884165223E-3
3.995000000E2 , 6.505464363E0 , 3.557285998E0 , 1.081664440E-4 , 4.197365395E-3 , 4.198758893E-3
4.000000000E2 , 6.505351362E0 , 3.560150711E0 , -4.726386992E-6 , 3.088765977E-3 , 3.088769593E-3
4.005000000E2 , 6.505459637E0 , 3.560374764E0 , -5.790117160E-8 , -1.751640304E-9 , 5.792766107E-8
4.010000000E2 , 6.505318306E0 , 3.561020036E0 , 1.652467146E-4 , 4.519906001E-3 , 4.522925683E-3
4.015000000E2 , 6.505624884E0 , 3.564894670E0 , 1.216432888E-4 , 3.598417902E-3 , 3.600473370E-3
4.020000000E2 , 6.505439949E0 , 3.564618454E0 , 4.876074464E-4 , 1.782983158E-3 , 1.848456103E-3
4.025000000E2 , 6.506112491E0 , 3.566677653E0 , 5.403868197E-4 , 5.823424150E-3 , 5.848443105E-3
4.030000000E2 , 6.505980336E0 , 3.570441878E0 , 8.541412548E-4 , 5.744672388E-3 , 5.807823872E-3
4.035000000E2 , 6.506966632E0 , 3.572422325E0 , -4.048430632E-3 , 1.948734952E-2 , 1.990343141E-2
4.040000000E2 , 6.501931906E0 , 3.589929228E0 , -5.034726746E-3 , 6.372916704E-2 , 6.392773424E-2
4.045000000E2 , 6.501931906E0 , 3.636151492E0 , 3.851855394E-2 , 3.851855394E-2 , 5.447346139E-2
4.050000000E2 , 6.540450460E0 , 3.628447781E0 , 3.851855394E-2 , -7.703710789E-3 , 3.928137164E-2
4.055000000E2 , 6.540450460E0 , 3.628447781E0 , -1.540742158E-2 , 7.703710789E-3 , 1.722602100E-2
4.060000000E2 , 6.525043038E0 , 3.636151492E0 , -7.703710789E-3 , 7.703710789E-3 , 1.089469228E-2
4.065000000E2 , 6.532746749E0 , 3.636151492E0 , 8.909369602E-5 , -6.671116191E-2 , 6.671122140E-2
