4.166666667E-2,-2.297717148E0,-8.058060248E0,6.082192450E-2,4.054794967E-1,4.100157664E-1
8.333333333E-2,-2.292648654E0,-8.024270290E0,6.082192450E-2,4.054794967E-1,4.100157664E-1
1.250000000E-1,-2.292648654E0,-8.024270290E0,1.216438490E0,2.453150955E0,2.738187760E0
1.666666667E-1,-2.191278780E0,-7.819841043E0,1.216438490E0,2.453150955E0,2.738187760E0
2.083333333E-1,-2.191278780E0,-7.819841043E0,6.066423803E-1,2.436769865E0,2.511147616E0
2.500000000E-1,-2.140725248E0,-7.616776888E0,2.441549736E0,8.763377518E0,9.097139696E0
2.916666667E-1,-1.987816302E0,-7.089559583E0,1.873134592E0,6.345721272E0,6.616404738E0
3.333333333E-1,-1.984630699E0,-7.087966782E0,9.939081510E-1,3.211087872E0,3.361389406E0
3.750000000E-1,-1.904990623E0,-6.821968927E0,9.939081510E-1,3.249315109E0,3.397926146E0
4.166666667E-1,-1.901805020E0,-6.817190523E0,8.218855864E-1,4.396132206E0,4.472300783E0
4.583333333E-1,-1.836500157E0,-6.455624577E0,7.836583498E-1,4.338791351E0,4.408994307E0
5.000000000E-1,-1.836500157E0,-6.455624577E0,8.983400596E-1,3.497792147E0,3.611310671E0
5.416666667E-1,-1.761638486E0,-6.164141898E0,8.983400596E-1,3.497792147E0,3.611310671E0
5.833333333E-1,-1.761638486E0,-6.164141898E0,3.822723658E-1,1.624657555E0,1.669024964E0
6.250000000E-1,-1.729782455E0,-6.028753768E0,3.822723658E-1,1.624657555E0,1.669024964E0
6.666666667E-1,-1.729782455E0,-6.028753768E0,4.013859841E-1,1.242385189E0,1.305615435E0
7.083333333E-1,-1.696333623E0,-5.925221669E0,4.013859841E-1,1.242385189E0,1.305615435E0
7.500000000E-1,-1.696333623E0,-5.925221669E0,1.146817097E-1,8.792264413E-1,8.866741394E-1
7.916666667E-1,-1.686776814E0,-5.851952799E0,1.146817097E-1,8.792264413E-1,8.866741394E-1
8.333333333E-1,-1.686776814E0,-5.851952799E0,2.511825809E-1,8.154807468E-1,8.532886600E-1
8.750000000E-1,-1.665844932E0,-5.783996070E0,2.511825809E-1,8.154807468E-1,8.532886600E-1
9.166666667E-1,-1.665844932E0,-5.783996070E0,8.109589934E-2,4.460274464E-1,4.533398590E-1
9.583333333E-1,-1.659086941E0,-5.746827117E0,8.109589934E-2,4.460274464E-1,4.533398590E-1
1.000000000E0,-1.659086941E0,-5.746827117E0,1.621917987E-1,5.068493709E-1,5.321677032E-1
1.041666667E0,-1.645570957E0,-5.704589669E0,1.621917987E-1,5.068493709E-1,5.321677032E-1
1.083333333E0,-1.645570957E0,-5.704589669E0,1.419178238E-1,6.893151444E-1,7.037727168E-1
1.125000000E0,-1.633744472E0,-5.647146740E0,1.419178238E-1,6.893151444E-1,7.037727168E-1
1.166666667E0,-1.633744472E0,-5.647146740E0,1.824657735E-1,5.271233457E-1,5.578107027E-1
1.208333333E0,-1.618538991E0,-5.603219795E0,1.824657735E-1,5.271233457E-1,5.578107027E-1
1.250000000E0,-1.618538991E0,-5.603219795E0,2.432876980E-1,7.298630940E-1,7.693432524E-1
1.291666667E0,-1.598265016E0,-5.542397870E0,2.432876980E-1,7.298630940E-1,7.693432524E-1
1.333333333E0,-1.598265016E0,-5.542397870E0,1.229027596E-1,8.534956229E-1,8.622991746E-1
1.375000000E0,-1.588023119E0,-5.471273235E0,1.229027596E-1,8.534956229E-1,8.622991746E-1
1.416666667E0,-1.588023119E0,-5.471273235E0,1.146817097E-1,6.880902584E-1,6.975816069E-1
1.458333333E0,-1.578466310E0,-5.413932380E0,1.146817097E-1,6.880902584E-1,6.975816069E-1
1.500000000E0,-1.578466310E0,-5.413932380E0,1.337953280E-1,3.631587475E-1,3.870212729E-1
1.541666667E0,-1.567316700E0,-5.383669151E0,1.337953280E-1,3.631587475E-1,3.870212729E-1
1.583333333E0,-1.567316700E0,-5.383669151E0,9.556809144E-2,6.307494035E-1,6.379483287E-1
1.625000000E0,-1.559352692E0,-5.331106701E0,1.911361829E-1,7.645447315E-1,7.880746709E-1
1.666666667E0,-1.551388684E0,-5.319957090E0,9.556809144E-2,1.337953280E-1,1.644215615E-1
1.708333333E0,-1.551388684E0,-5.319957090E0,5.734085486E-2,2.675906560E-1,2.736653665E-1
1.750000000E0,-1.546610280E0,-5.297657869E0,5.734085486E-2,2.675906560E-1,2.736653665E-1
1.791666667E0,-1.546610280E0,-5.297657869E0,5.734085486E-2,4.204996023E-1,4.243911983E-1
1.833333333E0,-1.541831875E0,-5.262616235E0,5.734085486E-2,4.204996023E-1,4.243911983E-1
1.875000000E0,-1.541831875E0,-5.262616235E0,1.529089463E-1,7.836583498E-1,7.984369450E-1
1.916666667E0,-1.529089463E0,-5.197311373E0,1.529089463E-1,7.836583498E-1,7.984369450E-1
1.958333333E0,-1.529089463E0,-5.197311373E0,2.102498012E-1,9.747945327E-1,9.972107901E-1
2.000000000E0,-1.511568646E0,-5.116078495E0,2.102498012E-1,9.747945327E-1,9.972107901E-1
2.041666667E0,-1.511568646E0,-5.116078495E0,3.058178926E-1,8.792264413E-1,9.308940426E-1
2.083333333E0,-1.486083822E0,-5.042809625E0,3.058178926E-1,8.792264413E-1,9.308940426E-1
2.125000000E0,-1.486083822E0,-5.042809625E0,1.720225646E-1,9.365672961E-1,9.522342479E-1
2.166666667E0,-1.471748608E0,-4.964762350E0,1.720225646E-1,9.365672961E-1,9.522342479E-1
2.208333333E0,-1.471748608E0,-4.964762350E0,1.146817097E-1,9.174536778E-1,9.245935029E-1
2.250000000E0,-1.462191799E0,-4.888307877E0,1.146817097E-1,9.174536778E-1,9.245935029E-1
2.291666667E0,-1.462191799E0,-4.888307877E0,5.734085486E-2,7.072038767E-1,7.095246978E-1
2.333333333E0,-1.457413394E0,-4.829374221E0,2.675906560E-1,1.414407753E0,1.439497847E0
2.375000000E0,-1.439892578E0,-4.770440564E0,2.867042743E-1,6.689766401E-1,7.278249006E-1
2.416666667E0,-1.433521372E0,-4.773626168E0,9.556809144E-2,4.969540755E-1,5.060598910E-1
2.458333333E0,-1.431928570E0,-4.729027725E0,3.822723658E-2,5.734085486E-1,5.746813772E-1
2.500000000E0,-1.430335769E0,-4.725842122E0,5.734085486E-2,6.689766401E-1,6.714296081E-1
2.541666667E0,-1.427150166E0,-4.673279671E0,3.822723658E-2,6.307494035E-1,6.319067428E-1
2.583333333E0,-1.427150166E0,-4.673279671E0,1.337953280E-1,6.116357852E-1,6.260986532E-1
2.625000000E0,-1.416000555E0,-4.622310023E0,1.337953280E-1,6.116357852E-1,6.260986532E-1
2.666666667E0,-1.416000555E0,-4.622310023E0,1.529089463E-1,4.778404572E-1,5.017097252E-1
2.708333333E0,-1.403258143E0,-4.582489985E0,1.529089463E-1,4.778404572E-1,5.017097252E-1
2.750000000E0,-1.403258143E0,-4.582489985E0,1.146817097E-1,6.307494035E-1,6.410902468E-1
2.791666667E0,-1.393701334E0,-4.529927534E0,1.146817097E-1,6.307494035E-1,6.410902468E-1
2.833333333E0,-1.393701334E0,-4.529927534E0,1.529089463E-1,3.249315109E-1,3.591122842E-1
2.875000000E0,-1.380958921E0,-4.502849908E0,1.529089463E-1,3.249315109E-1,3.591122842E-1
2.916666667E0,-1.380958921E0,-4.502849908E0,-5.734085486E-2,4.778404572E-1,4.812686113E-1
2.958333333E0,-1.385737326E0,-4.463029870E0,-5.734085486E-2,4.778404572E-1,4.812686113E-1
3.000000000E0,-1.385737326E0,-4.463029870E0,1.720225646E-1,3.631587475E-1,4.018408125E-1
3.041666667E0,-1.371402112E0,-4.432766641E0,1.720225646E-1,3.631587475E-1,4.018408125E-1
3.083333333E0,-1.371402112E0,-4.432766641E0,3.822723658E-2,3.822723658E-1,3.841789729E-1
3.125000000E0,-1.368216509E0,-4.400910611E0,3.822723658E-2,3.822723658E-1,3.841789729E-1
3.166666667E0,-1.368216509E0,-4.400910611E0,1.337953280E-1,4.396132206E-1,4.595225496E-1
3.208333333E0,-1.357066898E0,-4.364276176E0,1.337953280E-1,4.396132206E-1,4.595225496E-1
3.250000000E0,-1.357066898E0,-4.364276176E0,7.645447315E-2,3.249315109E-1,3.338049928E-1
3.291666667E0,-1.350695692E0,-4.337198550E0,7.645447315E-2,3.249315109E-1,3.338049928E-1
3.333333333E0,-1.350695692E0,-4.337198550E0,5.734085486E-2,2.867042743E-1,2.923821379E-1
3.375000000E0,-1.345917288E0,-4.313306527E0,5.734085486E-2,2.867042743E-1,2.923821379E-1
3.416666667E0,-1.345917288E0,-4.313306527E0,3.822723658E-2,3.249315109E-1,3.271724444E-1
3.458333333E0,-1.342731685E0,-4.286228901E0,3.822723658E-2,3.249315109E-1,3.271724444E-1
3.500000000E0,-1.342731685E0,-4.286228901E0,3.822723658E-2,3.440451292E-1,3.461623500E-1
3.541666667E0,-1.339546082E0,-4.257558474E0,3.822723658E-2,3.440451292E-1,3.461623500E-1
3.583333333E0,-1.339546082E0,-4.257558474E0,7.645447315E-2,3.058178926E-1,3.152298684E-1
3.625000000E0,-1.333174876E0,-4.232073649E0,7.645447315E-2,3.058178926E-1,3.152298684E-1
3.666666667E0,-1.333174876E0,-4.232073649E0,5.734085486E-2,4.013859841E-1,4.054610731E-1
3.708333333E0,-1.328396471E0,-4.198624817E0,5.734085486E-2,4.013859841E-1,4.054610731E-1
3.750000000E0,-1.328396471E0,-4.198624817E0,3.822723658E-2,5.160676938E-1,5.174815805E-1
3.791666667E0,-1.325210868E0,-4.155619176E0,3.822723658E-2,5.160676938E-1,5.174815805E-1
3.833333333E0,-1.325210868E0,-4.155619176E0,5.734085486E-2,4.587268389E-1,4.622967514E-1
3.875000000E0,-1.320432463E0,-4.117391940E0,5.734085486E-2,4.587268389E-1,4.622967514E-1
3.916666667E0,-1.320432463E0,-4.117391940E0,5.734085486E-2,5.734085486E-1,5.762684594E-1
3.958333333E0,-1.315654059E0,-4.069607894E0,5.734085486E-2,5.734085486E-1,5.762684594E-1
4.000000000E0,-1.315654059E0,-4.069607894E0,1.529089463E-1,5.542949304E-1,5.749991441E-1
4.041666667E0,-1.302911647E0,-4.023416650E0,1.529089463E-1,5.542949304E-1,5.749991441E-1
4.083333333E0,-1.302911647E0,-4.023416650E0,1.337953280E-1,1.051249006E0,1.059729051E0
4.125000000E0,-1.291762036E0,-3.935812566E0,1.337953280E-1,1.051249006E0,1.059729051E0
4.166666667E0,-1.291762036E0,-3.935812566E0,1.911361829E-1,1.051249006E0,1.068483745E0
4.208333333E0,-1.275834021E0,-3.848208482E0,1.911361829E-1,1.051249006E0,1.068483745E0
4.250000000E0,-1.275834021E0,-3.848208482E0,5.734085486E-2,1.032135388E0,1.033726962E0
4.291666667E0,-1.271055616E0,-3.762197200E0,5.734085486E-2,1.032135388E0,1.033726962E0
4.333333333E0,-1.271055616E0,-3.762197200E0,2.102498012E-1,1.357066898E0,1.373257276E0
4.375000000E0,-1.253534799E0,-3.649108292E0,2.102498012E-1,1.357066898E0,1.373257276E0
4.416666667E0,-1.253534799E0,-3.649108292E0,9.556809144E-2,1.089476242E0,1.093659793E0
4.458333333E0,-1.245570792E0,-3.558318605E0,9.556809144E-2,1.089476242E0,1.093659793E0
4.500000000E0,-1.245570792E0,-3.558318605E0,5.734085486E-2,8.027719681E-1,8.048172503E-1
4.541666667E0,-1.240792387E0,-3.491420941E0,5.734085486E-2,8.027719681E-1,8.048172503E-1
4.583333333E0,-1.240792387E0,-3.491420941E0,1.337953280E-1,1.013021769E0,1.021819111E0
4.625000000E0,-1.229642777E0,-3.407002460E0,1.337953280E-1,1.013021769E0,1.021819111E0
4.666666667E0,-1.229642777E0,-3.407002460E0,9.556809144E-2,9.747945327E-1,9.794680399E-1
4.708333333E0,-1.221678769E0,-3.325769582E0,9.556809144E-2,9.747945327E-1,9.794680399E-1
4.750000000E0,-1.221678769E0,-3.325769582E0,7.645447315E-2,7.645447315E-1,7.683579459E-1
4.791666667E0,-1.215307563E0,-3.262057521E0,7.645447315E-2,7.645447315E-1,7.683579459E-1
4.833333333E0,-1.215307563E0,-3.262057521E0,5.734085486E-2,8.409992047E-1,8.429517400E-1
4.875000000E0,-1.210529158E0,-3.191974254E0,5.734085486E-2,8.409992047E-1,8.429517400E-1
4.916666667E0,-1.210529158E0,-3.191974254E0,1.337953280E-1,7.072038767E-1,7.197489236E-1
4.958333333E0,-1.199379548E0,-3.133040598E0,1.337953280E-1,7.072038767E-1,7.197489236E-1
5.000000000E0,-1.199379548E0,-3.133040598E0,1.911361829E-2,7.645447315E-1,7.647836144E-1
5.041666667E0,-1.197786746E0,-3.069328537E0,1.911361829E-2,7.645447315E-1,7.647836144E-1
5.083333333E0,-1.197786746E0,-3.069328537E0,1.720225646E-1,5.925221669E-1,6.169880720E-1
5.125000000E0,-1.183451532E0,-3.019951690E0,1.720225646E-1,5.925221669E-1,6.169880720E-1
5.166666667E0,-1.183451532E0,-3.019951690E0,9.556809144E-2,6.116357852E-1,6.190570199E-1
5.208333333E0,-1.175487525E0,-2.968982041E0,9.556809144E-2,6.116357852E-1,6.190570199E-1
5.250000000E0,-1.175487525E0,-2.968982041E0,-1.911361829E-2,8.218855864E-1,8.221078077E-1
5.291666667E0,-1.177080326E0,-2.900491575E0,-1.911361829E-2,8.218855864E-1,8.221078077E-1
5.333333333E0,-1.177080326E0,-2.900491575E0,1.337953280E-1,6.498630218E-1,6.634931325E-1
5.375000000E0,-1.165930716E0,-2.846336323E0,1.337953280E-1,6.498630218E-1,6.634931325E-1
5.416666667E0,-1.165930716E0,-2.846336323E0,9.556809144E-2,6.498630218E-1,6.568525003E-1
5.458333333E0,-1.157966708E0,-2.792181072E0,9.556809144E-2,6.498630218E-1,6.568525003E-1
5.500000000E0,-1.157966708E0,-2.792181072E0,7.645447315E-2,4.587268389E-1,4.650544046E-1
5.541666667E0,-1.151595502E0,-2.753953835E0,7.645447315E-2,4.587268389E-1,4.650544046E-1
5.583333333E0,-1.151595502E0,-2.753953835E0,7.645447315E-2,5.925221669E-1,5.974343519E-1
5.625000000E0,-1.145224296E0,-2.704576988E0,7.645447315E-2,5.925221669E-1,5.974343519E-1
5.666666667E0,-1.145224296E0,-2.704576988E0,9.556809144E-2,7.072038767E-1,7.136319663E-1
5.708333333E0,-1.137260288E0,-2.645643331E0,9.556809144E-2,7.072038767E-1,7.136319663E-1
5.750000000E0,-1.137260288E0,-2.645643331E0,7.645447315E-2,9.174536778E-1,9.206337694E-1
5.791666667E0,-1.130889082E0,-2.569188858E0,7.645447315E-2,9.174536778E-1,9.206337694E-1
5.833333333E0,-1.130889082E0,-2.569188858E0,1.720225646E-1,1.548203081E0,1.557730575E0
5.875000000E0,-1.116553868E0,-2.440171935E0,1.720225646E-1,1.548203081E0,1.557730575E0
5.916666667E0,-1.116553868E0,-2.440171935E0,7.645447315E-2,1.471748608E0,1.473733101E0
5.958333333E0,-1.110182662E0,-2.317526217E0,7.645447315E-2,1.471748608E0,1.473733101E0
6.000000000E0,-1.110182662E0,-2.317526217E0,1.146817097E-1,1.681998409E0,1.685903480E0
6.041666667E0,-1.100625853E0,-2.177359683E0,1.146817097E-1,1.681998409E0,1.685903480E0
6.083333333E0,-1.100625853E0,-2.177359683E0,1.911361829E-1,1.299726044E0,1.313705001E0
6.125000000E0,-1.084697838E0,-2.069049180E0,1.911361829E-1,1.299726044E0,1.313705001E0
6.166666667E0,-1.084697838E0,-2.069049180E0,2.102498012E-1,1.376180517E0,1.392148625E0
6.208333333E0,-1.067177021E0,-1.954367470E0,2.102498012E-1,1.376180517E0,1.392148625E0
6.250000000E0,-1.067177021E0,-1.954367470E0,1.337953280E-1,1.280612425E0,1.287582764E0
6.291666667E0,-1.056027410E0,-1.847649768E0,1.337953280E-1,1.280612425E0,1.287582764E0
6.333333333E0,-1.056027410E0,-1.847649768E0,5.734085486E-2,1.070362624E0,1.071897439E0
6.375000000E0,-1.051249006E0,-1.758452883E0,5.734085486E-2,1.070362624E0,1.071897439E0
6.416666667E0,-1.051249006E0,-1.758452883E0,1.146817097E-1,1.223271570E0,1.228635515E0
6.458333333E0,-1.041692197E0,-1.656513585E0,1.146817097E-1,1.223271570E0,1.228635515E0
6.500000000E0,-1.041692197E0,-1.656513585E0,5.734085486E-2,1.108589861E0,1.110071823E0
6.541666667E0,-1.036913792E0,-1.564131097E0,5.734085486E-2,1.108589861E0,1.110071823E0
6.583333333E0,-1.036913792E0,-1.564131097E0,9.556809144E-2,1.089476242E0,1.093659793E0
6.625000000E0,-1.028949785E0,-1.473341410E0,9.556809144E-2,1.089476242E0,1.093659793E0
6.666666667E0,-1.028949785E0,-1.473341410E0,7.645447315E-2,1.185044334E0,1.187508046E0
6.708333333E0,-1.022578578E0,-1.374587715E0,7.645447315E-2,1.185044334E0,1.187508046E0
6.750000000E0,-1.022578578E0,-1.374587715E0,1.529089463E-1,1.013021769E0,1.024497072E0
6.791666667E0,-1.009836166E0,-1.290169234E0,1.529089463E-1,1.013021769E0,1.024497072E0
6.833333333E0,-1.009836166E0,-1.290169234E0,5.734085486E-2,1.032135388E0,1.033726962E0
6.875000000E0,-1.005057762E0,-1.204157952E0,5.734085486E-2,1.032135388E0,1.033726962E0
6.916666667E0,-1.005057762E0,-1.204157952E0,-5.734085486E-2,8.409992047E-1,8.429517400E-1
6.958333333E0,-1.009836166E0,-1.134074685E0,0.000000000E0,1.127703479E0,1.127703479E0
7.000000000E0,-1.005057762E0,-1.110182662E0,1.529089463E-1,8.983400596E-1,9.112606699E-1
7.041666667E0,-9.970937540E-1,-1.059213013E0,7.645447315E-2,8.983400596E-1,9.015875715E-1
7.083333333E0,-9.986865556E-1,-1.035320991E0,-3.822723658E-2,1.070362624E0,1.071045036E0
7.125000000E0,-1.000279357E0,-9.700161281E-1,0.000000000E0,9.174536778E-1,9.174536778E-1
7.166666667E0,-9.986865556E-1,-9.588665175E-1,1.146817097E-1,9.747945327E-1,9.815173333E-1
7.208333333E0,-9.907225479E-1,-8.887832504E-1,1.529089463E-1,1.108589861E0,1.119085620E0
7.250000000E0,-9.859441434E-1,-8.664840291E-1,9.556809144E-2,9.365672961E-1,9.414305924E-1
7.291666667E0,-9.827585403E-1,-8.107359757E-1,1.337953280E-1,8.218855864E-1,8.327046937E-1
7.333333333E0,-9.747945327E-1,-7.979935635E-1,7.645447315E-2,1.051249006E0,1.054025502E0
7.375000000E0,-9.763873342E-1,-7.231318919E-1,-1.911361829E-2,9.939081510E-1,9.940919188E-1
7.416666667E0,-9.763873342E-1,-7.151678843E-1,-5.734085486E-2,9.365672961E-1,9.383209866E-1
7.458333333E0,-9.811657388E-1,-6.450846172E-1,-1.911361829E-2,8.983400596E-1,8.985433729E-1
7.500000000E0,-9.779801358E-1,-6.403062127E-1,1.337953280E-1,7.645447315E-1,7.761635371E-1
7.541666667E0,-9.700161281E-1,-5.813725563E-1,5.734085486E-2,9.939081510E-1,9.955608401E-1
7.583333333E0,-9.732017312E-1,-5.574805334E-1,-1.911361829E-2,8.409992047E-1,8.412163769E-1
7.625000000E0,-9.716089297E-1,-5.112892892E-1,5.734085486E-2,7.072038767E-1,7.095246978E-1
7.666666667E0,-9.684233266E-1,-4.985468770E-1,5.734085486E-2,8.983400596E-1,9.001682266E-1
7.708333333E0,-9.668305251E-1,-4.364276176E-1,1.911361829E-2,1.013021769E0,1.013202070E0
7.750000000E0,-9.668305251E-1,-4.141283962E-1,0.000000000E0,8.601128230E-1,8.601128230E-1
7.791666667E0,-9.668305251E-1,-3.647515490E-1,3.822723658E-2,7.645447315E-1,7.654998159E-1
7.833333333E0,-9.636449220E-1,-3.504163353E-1,1.911361829E-2,9.365672961E-1,9.367623127E-1
7.875000000E0,-9.652377236E-1,-2.867042743E-1,0.000000000E0,8.792264413E-1,8.792264413E-1
7.916666667E0,-9.636449220E-1,-2.771474652E-1,0.000000000E0,8.601128230E-1,8.601128230E-1
7.958333333E0,-9.652377236E-1,-2.150282057E-1,-1.911361829E-2,7.454311132E-1,7.456761194E-1
8.000000000E0,-9.652377236E-1,-2.150282057E-1,2.599314094E-2,8.607771566E-1,8.611695285E-1
8.041666667E0,-9.630716285E-1,-1.432967760E-1,1.766857402E-2,8.813712740E-1,8.815483543E-1
8.083333333E0,-9.637653424E-1,-1.415805996E-1,1.050630658E-3,8.031445902E-1,8.031452774E-1
8.125000000E0,-9.629840759E-1,-7.636806018E-2,3.561455125E-4,7.610797679E-1,7.610798513E-1
8.166666667E0,-9.637356636E-1,-7.815728559E-2,2.136281074E-1,9.098535185E-1,9.345963800E-1
8.208333333E0,-9.451817336E-1,-5.469336327E-4,1.539978451E-1,1.071682755E0,1.082690752E0
8.250000000E0,-9.509025098E-1,1.114961067E-2,-2.324056272E0,1.478311812E0,2.754386206E0
8.291666667E0,-1.138853090E0,1.226457174E-1,-2.293634195E0,1.490862226E0,2.735585494E0
8.333333333E0,-1.142038693E0,1.353881295E-1,-1.911361829E-2,9.939081510E-1,9.940919188E-1
8.375000000E0,-1.140445891E0,2.054713966E-1,0.000000000E0,8.601128230E-1,8.601128230E-1
8.416666667E0,-1.142038693E0,2.070641981E-1,0.000000000E0,6.307494035E-1,6.307494035E-1
8.458333333E0,-1.140445891E0,2.580338469E-1,7.645447315E-2,7.454311132E-1,7.493415984E-1
8.500000000E0,-1.135667487E0,2.691834576E-1,9.556809144E-2,7.645447315E-1,7.704945857E-1
8.541666667E0,-1.132481884E0,3.217459079E-1,3.822723658E-2,7.836583498E-1,7.845901675E-1
8.583333333E0,-1.132481884E0,3.344883200E-1,1.146817097E-1,8.792264413E-1,8.866741394E-1
8.625000000E0,-1.122925074E0,3.950147780E-1,2.102498012E-1,8.218855864E-1,8.483518704E-1
8.666666667E0,-1.114961067E0,4.029787856E-1,7.645447315E-2,8.218855864E-1,8.254339487E-1
8.708333333E0,-1.116553868E0,4.635052435E-1,-1.911361829E-2,8.218855864E-1,8.221078077E-1
8.750000000E0,-1.116553868E0,4.714692511E-1,3.822723658E-2,9.939081510E-1,9.946430185E-1
8.791666667E0,-1.113368265E0,5.463309227E-1,3.822723658E-2,9.747945327E-1,9.755437984E-1
8.833333333E0,-1.113368265E0,5.527021288E-1,0.000000000E0,5.542949304E-1,5.542949304E-1
8.875000000E0,-1.113368265E0,5.925221669E-1,0.000000000E0,6.498630218E-1,6.498630218E-1
8.916666667E0,-1.113368265E0,6.068573807E-1,5.734085486E-2,5.542949304E-1,5.572529439E-1
8.958333333E0,-1.108589861E0,6.387134111E-1,3.822723658E-2,4.013859841E-1,4.032022195E-1
9.000000000E0,-1.110182662E0,6.403062127E-1,1.146817097E-1,9.365672961E-1,9.435625018E-1
9.041666667E0,-1.099033052E0,7.167606858E-1,3.822723658E-2,9.174536778E-1,9.182497332E-1
9.083333333E0,-1.106997059E0,7.167606858E-1,-7.645447315E-2,8.027719681E-1,8.064044390E-1
9.125000000E0,-1.105404258E0,7.836583498E-1,0.000000000E0,9.365672961E-1,9.365672961E-1
9.166666667E0,-1.106997059E0,7.948079605E-1,7.645447315E-2,8.601128230E-1,8.635041139E-1
9.208333333E0,-1.099033052E0,8.553344184E-1,1.529089463E-1,8.027719681E-1,8.172049796E-1
9.250000000E0,-1.094254647E0,8.617056245E-1,1.720225646E-1,6.880902584E-1,7.092672038E-1
9.291666667E0,-1.084697838E0,9.126752733E-1,9.556809144E-2,7.454311132E-1,7.515323045E-1
9.333333333E0,-1.086290639E0,9.238248839E-1,7.645447315E-2,1.013021769E0,1.015902747E0
9.375000000E0,-1.078326632E0,9.970937540E-1,1.911361829E-2,8.601128230E-1,8.603251703E-1
9.416666667E0,-1.084697838E0,9.955009525E-1,-7.645447315E-2,6.307494035E-1,6.353661122E-1
9.458333333E0,-1.084697838E0,1.049656204E0,1.911361829E-2,7.263174950E-1,7.265689464E-1
9.500000000E0,-1.083105036E0,1.056027410E0,1.146817097E-1,8.792264413E-1,8.866741394E-1
9.541666667E0,-1.075141029E0,1.122925074E0,9.556809144E-2,9.174536778E-1,9.224177530E-1
9.583333333E0,-1.075141029E0,1.132481884E0,7.645447315E-2,8.409992047E-1,8.444672574E-1
9.625000000E0,-1.068769823E0,1.193008341E0,3.822723658E-2,8.601128230E-1,8.609618980E-1
9.666666667E0,-1.071955426E0,1.204157952E0,0.000000000E0,9.174536778E-1,9.174536778E-1
9.708333333E0,-1.068769823E0,1.269462815E0,3.822723658E-2,8.792264413E-1,8.800570758E-1
9.750000000E0,-1.068769823E0,1.277426822E0,1.911361829E-2,8.983400596E-1,8.985433729E-1
9.791666667E0,-1.067177021E0,1.344324486E0,0.000000000E0,7.836583498E-1,7.836583498E-1
9.833333333E0,-1.068769823E0,1.342731685E0,-9.556809144E-2,8.027719681E-1,8.084405314E-1
9.875000000E0,-1.075141029E0,1.411222150E0,1.337953280E-1,7.836583498E-1,7.949978610E-1
9.916666667E0,-1.057620212E0,1.408036547E0,7.645447315E-2,6.498630218E-1,6.543448889E-1
9.958333333E0,-1.068769823E0,1.465377402E0,-1.337953280E-1,6.880902584E-1,7.009774558E-1
1.000000000E1,-1.068769823E0,1.465377402E0,1.720225646E-1,1.337953280E0,1.348966546E0
1.004166667E1,-1.054434609E0,1.576873509E0,1.529089463E-1,1.318839662E0,1.327674358E0
1.008333333E1,-1.056027410E0,1.575280707E0,9.556809144E-2,8.218855864E-1,8.274232153E-1
1.012500000E1,-1.046470601E0,1.645363974E0,1.146817097E-1,8.409992047E-1,8.487823966E-1
1.016666667E1,-1.046470601E0,1.645363974E0,1.643771173E0,1.357066898E0,2.131575529E0
1.020833333E1,-9.094896702E-1,1.758452883E0,1.643771173E0,1.395294135E0,2.156114420E0
1.025000000E1,-9.094896702E-1,1.761638486E0,2.102498012E-1,7.645447315E-1,7.929272510E-1
1.029166667E1,-8.919688535E-1,1.822164943E0,2.102498012E-1,8.601128230E-1,8.854372068E-1
1.033333333E1,-8.919688535E-1,1.833314554E0,1.911361829E-2,8.601128230E-1,8.603251703E-1
1.037500000E1,-8.903760519E-1,1.893841012E0,1.911361829E-2,7.836583498E-1,7.838914081E-1
1.041666667E1,-8.903760519E-1,1.898619417E0,3.822723658E-2,1.032135388E0,1.032843057E0
1.045833333E1,-8.871904489E-1,1.979852294E0,0.000000000E0,1.032135388E0,1.032135388E0
1.050000000E1,-8.903760519E-1,1.984630699E0,0.000000000E0,9.174536778E-1,9.174536778E-1
1.054166667E1,-8.871904489E-1,2.056306768E0,7.645447315E-2,8.792264413E-1,8.825442887E-1
1.058333333E1,-8.840048458E-1,2.057899569E0,1.529089463E-1,6.689766401E-1,6.862294739E-1
1.062500000E1,-8.744480367E-1,2.112054821E0,1.337953280E-1,7.454311132E-1,7.573432078E-1
1.066666667E1,-8.728552352E-1,2.120018828E0,-9.556809144E-2,8.983400596E-1,9.034091668E-1
1.070833333E1,-8.824120443E-1,2.186916492E0,-1.146817097E-1,8.218855864E-1,8.298480654E-1
1.075000000E1,-8.824120443E-1,2.188509294E0,0.000000000E0,8.601128230E-1,8.601128230E-1
1.079166667E1,-8.824120443E-1,2.258592561E0,-1.911361829E-2,9.939081510E-1,9.940919188E-1
1.083333333E1,-8.840048458E-1,2.271334973E0,0.000000000E0,8.601128230E-1,8.601128230E-1
1.087500000E1,-8.824120443E-1,2.330268630E0,1.911361829E-2,8.601128230E-1,8.603251703E-1
1.091666667E1,-8.824120443E-1,2.343011042E0,-9.556809144E-2,8.983400596E-1,9.034091668E-1
1.095833333E1,-8.903760519E-1,2.405130301E0,-9.556809144E-2,8.218855864E-1,8.274232153E-1
1.100000000E1,-8.903760519E-1,2.411501507E0,9.556809144E-2,9.365672961E-1,9.414305924E-1
1.104166667E1,-8.824120443E-1,2.483177576E0,9.556809144E-2,9.174536778E-1,9.224177530E-1
1.108333333E1,-8.824120443E-1,2.487955981E0,-9.556809144E-2,8.218855864E-1,8.274232153E-1
1.112500000E1,-8.903760519E-1,2.551668041E0,-1.146817097E-1,8.409992047E-1,8.487823966E-1
1.116666667E1,-8.919688535E-1,2.558039248E0,-1.720225646E-1,1.051249006E0,1.065230602E0
1.120833333E1,-9.047112656E-1,2.639272125E0,-1.720225646E-1,9.747945327E-1,9.898566279E-1
1.125000000E1,-9.063040672E-1,2.639272125E0,2.675906560E-1,7.645447315E-1,8.100206205E-1
1.129166667E1,-8.824120443E-1,2.702984186E0,2.293634195E-1,8.027719681E-1,8.348954491E-1
1.133333333E1,-8.871904489E-1,2.706169789E0,-2.102498012E-1,9.174536778E-1,9.412365430E-1
1.137500000E1,-8.999328611E-1,2.779438659E0,-1.529089463E-1,1.070362624E0,1.081229528E0
1.141666667E1,-8.999328611E-1,2.795366675E0,-3.822723658E-2,1.165930716E0,1.166557223E0
1.145833333E1,-9.031184641E-1,2.876599552E0,-3.822723658E-2,9.747945327E-1,9.755437984E-1
1.150000000E1,-9.031184641E-1,2.876599552E0,-5.734085486E-2,7.836583498E-1,7.857533855E-1
1.154166667E1,-9.078968687E-1,2.941904415E0,-5.734085486E-2,8.601128230E-1,8.620220658E-1
1.158333333E1,-9.078968687E-1,2.948275621E0,0.000000000E0,1.146817097E0,1.146817097E0
1.162500000E1,-9.078968687E-1,3.037472506E0,3.822723658E-2,1.051249006E0,1.051943817E0
1.166666667E1,-9.047112656E-1,3.035879705E0,1.911361829E-2,7.072038767E-1,7.074621217E-1
1.170833333E1,-9.063040672E-1,3.096406163E0,-1.911361829E-2,7.263174950E-1,7.265689464E-1
1.175000000E1,-9.063040672E-1,3.096406163E0,-5.734085486E-2,8.601128230E-1,8.620220658E-1
1.179166667E1,-9.110824717E-1,3.168082231E0,-5.734085486E-2,8.601128230E-1,8.620220658E-1
1.183333333E1,-9.110824717E-1,3.168082231E0,-5.734085486E-2,9.174536778E-1,9.192438331E-1
1.187500000E1,-9.158608763E-1,3.244536704E0,-5.734085486E-2,9.174536778E-1,9.192438331E-1
1.191666667E1,-9.158608763E-1,3.244536704E0,-1.337953280E-1,8.983400596E-1,9.082488934E-1
1.195833333E1,-9.270104870E-1,3.319398376E0,-1.337953280E-1,8.983400596E-1,9.082488934E-1
1.200000000E1,-9.270104870E-1,3.319398376E0,5.734085486E-2,1.146817097E0,1.148249724E0
1.204166667E1,-9.222320824E-1,3.414966468E0,5.734085486E-2,1.146817097E0,1.148249724E0
1.208333333E1,-9.222320824E-1,3.414966468E0,-1.337953280E-1,8.409992047E-1,8.515755117E-1
1.212500000E1,-9.333816931E-1,3.485049735E0,-1.337953280E-1,8.409992047E-1,8.515755117E-1
1.216666667E1,-9.333816931E-1,3.485049735E0,-7.645447315E-2,7.454311132E-1,7.493415984E-1
1.220833333E1,-9.397528992E-1,3.547168994E0,-7.645447315E-2,7.454311132E-1,7.493415984E-1
1.225000000E1,-9.397528992E-1,3.547168994E0,-3.822723658E-2,1.051249006E0,1.051943817E0
1.229166667E1,-9.429385022E-1,3.634773078E0,-3.822723658E-2,1.051249006E0,1.051943817E0
1.233333333E1,-9.429385022E-1,3.634773078E0,-7.645447315E-2,1.070362624E0,1.073089667E0
1.237500000E1,-9.493097083E-1,3.723969963E0,-7.645447315E-2,1.070362624E0,1.073089667E0
1.241666667E1,-9.493097083E-1,3.723969963E0,-5.734085486E-2,8.983400596E-1,9.001682266E-1
1.245833333E1,-9.540881129E-1,3.798831635E0,1.911361829E-2,9.365672961E-1,9.367623127E-1
1.250000000E1,-9.477169068E-1,3.802017238E0,3.822723658E-2,1.070362624E0,1.071045036E0
1.254166667E1,-9.509025098E-1,3.888028520E0,-3.822723658E-2,1.032135388E0,1.032843057E0
1.258333333E1,-9.509025098E-1,3.888028520E0,-1.146817097E-1,8.409992047E-1,8.487823966E-1
1.262500000E1,-9.604593190E-1,3.958111787E0,-1.146817097E-1,8.409992047E-1,8.487823966E-1
1.266666667E1,-9.604593190E-1,3.958111787E0,-7.645447315E-2,8.792264413E-1,8.825442887E-1
1.270833333E1,-9.668305251E-1,4.031380657E0,-7.645447315E-2,8.792264413E-1,8.825442887E-1
1.275000000E1,-9.668305251E-1,4.031380657E0,-5.734085486E-2,1.070362624E0,1.071897439E0
1.279166667E1,-9.716089297E-1,4.120577543E0,-5.734085486E-2,1.070362624E0,1.071897439E0
1.283333333E1,-9.716089297E-1,4.120577543E0,-9.556809144E-2,9.556809144E-1,9.604474323E-1
1.287500000E1,-9.795729373E-1,4.200217619E0,-9.556809144E-2,9.556809144E-1,9.604474323E-1
1.291666667E1,-9.795729373E-1,4.200217619E0,-1.337953280E-1,1.070362624E0,1.078692420E0
1.295833333E1,-9.907225479E-1,4.289414504E0,-1.337953280E-1,1.070362624E0,1.078692420E0
1.300000000E1,-9.907225479E-1,4.289414504E0,-3.822723658E-2,8.601128230E-1,8.609618980E-1
1.304166667E1,-9.939081510E-1,4.361090573E0,-3.822723658E-2,8.601128230E-1,8.609618980E-1
1.308333333E1,-9.939081510E-1,4.361090573E0,-3.249315109E-1,1.089476242E0,1.136898839E0
1.312500000E1,-1.020985777E0,4.451880260E0,-3.249315109E-1,1.089476242E0,1.136898839E0
1.316666667E1,-1.020985777E0,4.451880260E0,-1.337953280E-1,1.051249006E0,1.059729051E0
1.320833333E1,-1.032135388E0,4.539484343E0,-1.337953280E-1,1.051249006E0,1.059729051E0
1.325000000E1,-1.032135388E0,4.539484343E0,-1.720225646E-1,9.556809144E-1,9.710395321E-1
1.329166667E1,-1.046470601E0,4.619124420E0,-1.720225646E-1,9.556809144E-1,9.710395321E-1
1.333333333E1,-1.046470601E0,4.619124420E0,-1.529089463E-1,1.089476242E0,1.100154366E0
1.337500000E1,-1.059213013E0,4.709914107E0,-1.529089463E-1,1.089476242E0,1.100154366E0
1.341666667E1,-1.059213013E0,4.709914107E0,-1.529089463E-1,9.365672961E-1,9.489675685E-1
1.345833333E1,-1.071955426E0,4.787961381E0,-1.529089463E-1,8.983400596E-1,9.112606699E-1
1.350000000E1,-1.071955426E0,4.784775778E0,-1.720225646E-1,1.165930716E0,1.178552585E0
1.354166667E1,-1.086290639E0,4.885122274E0,-1.911361829E-1,1.299726044E0,1.313705001E0
1.358333333E1,-1.087883441E0,4.893086282E0,-7.645447315E-2,1.070362624E0,1.073089667E0
1.362500000E1,-1.092661845E0,4.974319160E0,-7.645447315E-2,1.032135388E0,1.034963161E0
1.366666667E1,-1.094254647E0,4.979097564E0,-2.102498012E-1,9.939081510E-1,1.015902747E0
1.370833333E1,-1.110182662E0,5.057144839E0,-1.911361829E-1,9.174536778E-1,9.371522242E-1
1.375000000E1,-1.110182662E0,5.055552037E0,-2.675906560E-1,1.089476242E0,1.121857051E0
1.379166667E1,-1.132481884E0,5.147934526E0,-2.675906560E-1,1.108589861E0,1.140428094E0
1.383333333E1,-1.132481884E0,5.147934526E0,-1.146817097E-1,8.983400596E-1,9.056305854E-1
1.387500000E1,-1.142038693E0,5.222796197E0,-1.146817097E-1,8.983400596E-1,9.056305854E-1
1.391666667E1,-1.142038693E0,5.222796197E0,-1.720225646E-1,1.242385189E0,1.254237904E0
1.395833333E1,-1.156373906E0,5.326328296E0,-1.720225646E-1,1.242385189E0,1.254237904E0
1.400000000E1,-1.156373906E0,5.326328296E0,3.822723658E-2,9.939081510E-1,9.946430185E-1
1.404166667E1,-1.153188303E0,5.409153976E0,3.822723658E-2,9.939081510E-1,9.946430185E-1
1.408333333E1,-1.153188303E0,5.409153976E0,-2.675906560E-1,1.089476242E0,1.121857051E0
1.412500000E1,-1.175487525E0,5.499943662E0,-2.675906560E-1,1.089476242E0,1.121857051E0
1.416666667E1,-1.175487525E0,5.499943662E0,-2.102498012E-1,1.185044334E0,1.203551018E0
1.420833333E1,-1.193008341E0,5.598697357E0,-2.102498012E-1,1.185044334E0,1.203551018E0
1.425000000E1,-1.193008341E0,5.598697357E0,-2.484770377E-1,1.013021769E0,1.043050307E0
1.429166667E1,-1.213714761E0,5.683115838E0,-2.484770377E-1,1.013021769E0,1.043050307E0
1.433333333E1,-1.213714761E0,5.683115838E0,-1.529089463E-1,1.127703479E0,1.138022971E0
1.437500000E1,-1.226457174E0,5.777091128E0,-1.529089463E-1,1.127703479E0,1.138022971E0
1.441666667E1,-1.226457174E0,5.777091128E0,-1.720225646E-1,1.165930716E0,1.178552585E0
1.445833333E1,-1.240792387E0,5.874252021E0,-1.720225646E-1,1.165930716E0,1.178552585E0
1.450000000E1,-1.240792387E0,5.874252021E0,-2.102498012E-1,1.127703479E0,1.147135613E0
1.454166667E1,-1.258313204E0,5.968227311E0,-2.102498012E-1,1.127703479E0,1.147135613E0
1.458333333E1,-1.258313204E0,5.968227311E0,-3.058178926E-1,8.601128230E-1,9.128628877E-1
1.462500000E1,-1.283798028E0,6.039903379E0,-3.058178926E-1,8.601128230E-1,9.128628877E-1
1.466666667E1,-1.283798028E0,6.039903379E0,-1.911361829E-1,1.185044334E0,1.200359577E0
1.470833333E1,-1.299726044E0,6.138657074E0,-1.911361829E-1,1.185044334E0,1.200359577E0
1.475000000E1,-1.299726044E0,6.138657074E0,-1.529089463E-1,1.280612425E0,1.289709010E0
1.479166667E1,-1.312468456E0,6.245374776E0,-1.529089463E-1,1.280612425E0,1.289709010E0
1.483333333E1,-1.312468456E0,6.245374776E0,-5.925221669E-1,1.089476242E0,1.240177810E0
1.487500000E1,-1.361845303E0,6.336164463E0,-5.925221669E-1,1.089476242E0,1.240177810E0
1.491666667E1,-1.361845303E0,6.336164463E0,-3.058178926E-1,1.204157952E0,1.242385189E0
1.495833333E1,-1.387330127E0,6.436510959E0,-3.058178926E-1,1.204157952E0,1.242385189E0
1.500000000E1,-1.387330127E0,6.436510959E0,-2.102498012E-1,1.089476242E0,1.109578056E0
1.504166667E1,-1.404850944E0,6.527300645E0,-2.102498012E-1,1.089476242E0,1.109578056E0
1.508333333E1,-1.404850944E0,6.527300645E0,-3.440451292E-1,1.146817097E0,1.197312201E0
1.512500000E1,-1.433521372E0,6.622868737E0,-3.440451292E-1,1.146817097E0,1.197312201E0
1.516666667E1,-1.433521372E0,6.622868737E0,-4.396132206E-1,1.357066898E0,1.426495829E0
1.520833333E1,-1.470155807E0,6.735957645E0,-4.396132206E-1,1.357066898E0,1.426495829E0
1.525000000E1,-1.470155807E0,6.735957645E0,-5.734085486E-2,1.242385189E0,1.243707735E0
1.529166667E1,-1.474934211E0,6.839489744E0,-5.734085486E-2,1.242385189E0,1.243707735E0
1.533333333E1,-1.474934211E0,6.839489744E0,-5.160676938E-1,1.070362624E0,1.188276909E0
1.537500000E1,-1.517939852E0,6.928686630E0,-5.160676938E-1,1.070362624E0,1.188276909E0
1.541666667E1,-1.517939852E0,6.928686630E0,-3.058178926E-1,1.070362624E0,1.113193932E0
1.545833333E1,-1.543424677E0,7.017883515E0,-3.058178926E-1,1.070362624E0,1.113193932E0
1.550000000E1,-1.543424677E0,7.017883515E0,-5.542949304E-1,1.242385189E0,1.360427810E0
1.554166667E1,-1.589615921E0,7.121415614E0,-5.542949304E-1,1.242385189E0,1.360427810E0
1.558333333E1,-1.589615921E0,7.121415614E0,-1.146817097E-1,1.337953280E0,1.342859216E0
1.562500000E1,-1.599172730E0,7.232911721E0,-1.146817097E-1,1.337953280E0,1.342859216E0
1.566666667E1,-1.599172730E0,7.232911721E0,-2.484770377E-1,1.204157952E0,1.229527231E0
1.570833333E1,-1.619879150E0,7.333258217E0,-2.484770377E-1,1.204157952E0,1.229527231E0
1.575000000E1,-1.619879150E0,7.333258217E0,-3.631587475E-1,1.395294135E0,1.441780149E0
1.579166667E1,-1.650142379E0,7.449532728E0,-3.631587475E-1,1.395294135E0,1.441780149E0
1.583333333E1,-1.650142379E0,7.449532728E0,-3.631587475E-1,1.127703479E0,1.184736010E0
1.587500000E1,-1.680405608E0,7.543508018E0,-3.631587475E-1,1.127703479E0,1.184736010E0
1.591666667E1,-1.680405608E0,7.543508018E0,-5.542949304E-1,1.299726044E0,1.412986432E0
1.595833333E1,-1.726596852E0,7.651818521E0,-5.542949304E-1,1.299726044E0,1.412986432E0
1.600000000E1,-1.726596852E0,7.651818521E0,-2.867042743E-1,1.051249006E0,1.089643893E0
1.604166667E1,-1.750488875E0,7.739422605E0,-2.867042743E-1,1.051249006E0,1.089643893E0
1.608333333E1,-1.750488875E0,7.739422605E0,-5.351813121E-1,1.395294135E0,1.494411175E0
1.612500000E1,-1.795087318E0,7.855697117E0,-5.351813121E-1,1.395294135E0,1.494411175E0
1.616666667E1,-1.795087318E0,7.855697117E0,-4.204996023E-1,1.185044334E0,1.257437867E0
1.620833333E1,-1.830128951E0,7.954450811E0,-4.204996023E-1,1.185044334E0,1.257437867E0
1.625000000E1,-1.830128951E0,7.954450811E0,-3.822723658E-1,1.395294135E0,1.446712786E0
1.629166667E1,-1.861984982E0,8.070725322E0,-3.822723658E-1,1.395294135E0,1.446712786E0
1.633333333E1,-1.861984982E0,8.070725322E0,-3.631587475E-1,1.357066898E0,1.404818438E0
1.637500000E1,-1.892248211E0,8.183814230E0,-3.631587475E-1,1.357066898E0,1.404818438E0
1.641666667E1,-1.892248211E0,8.183814230E0,-5.160676938E-1,1.242385189E0,1.345305475E0
1.645833333E1,-1.935253852E0,8.287346330E0,-5.160676938E-1,1.242385189E0,1.345305475E0
1.650000000E1,-1.935253852E0,8.287346330E0,-4.587268389E-1,1.662884791E0,1.724997432E0
1.654166667E1,-1.973481088E0,8.425920062E0,-4.587268389E-1,1.662884791E0,1.724997432E0
1.658333333E1,-1.973481088E0,8.425920062E0,-4.396132206E-1,8.792264413E-1,9.830050451E-1
1.662500000E1,-2.010115523E0,8.499188932E0,-4.396132206E-1,8.792264413E-1,9.830050451E-1
1.666666667E1,-2.010115523E0,8.499188932E0,-3.249315109E-1,1.089476242E0,1.136898839E0
1.670833333E1,-2.037193149E0,8.589978619E0,-3.249315109E-1,1.089476242E0,1.136898839E0
1.675000000E1,-2.037193149E0,8.589978619E0,-4.778404572E-1,1.509975845E0,1.583779831E0
1.679166667E1,-2.077013187E0,8.715809939E0,-4.778404572E-1,1.509975845E0,1.583779831E0
1.683333333E1,-2.077013187E0,8.715809939E0,-3.631587475E-1,1.471748608E0,1.515891896E0
1.687500000E1,-2.107276416E0,8.838455657E0,-3.631587475E-1,1.471748608E0,1.515891896E0
1.691666667E1,-2.107276416E0,8.838455657E0,-6.430968174E-1,1.197995978E0,1.359694039E0
1.695833333E1,-2.160867818E0,8.938288655E0,-6.228228425E-1,1.197995978E0,1.350223188E0
1.700000000E1,-2.159178320E0,8.938288655E0,-7.704110437E-1,1.784109785E0,1.943342714E0
1.704166667E1,-2.225068738E0,9.086964470E0,-7.906850185E-1,1.784109785E0,1.951468812E0
1.708333333E1,-2.225068738E0,9.086964470E0,-3.831722581E-1,1.738957954E0,1.780672835E0
1.712500000E1,-2.256999760E0,9.231877633E0,-3.831722581E-1,1.738957954E0,1.780672835E0
1.716666667E1,-2.256999760E0,9.231877633E0,-5.734085486E-1,1.605543936E0,1.704866181E0
1.720833333E1,-2.304783805E0,9.365672961E0,-5.734085486E-1,1.605543936E0,1.704866181E0
1.725000000E1,-2.304783805E0,9.365672961E0,-6.689766401E-1,1.471748608E0,1.616655099E0
1.729166667E1,-2.360531859E0,9.488318679E0,-6.689766401E-1,1.471748608E0,1.616655099E0
1.733333333E1,-2.360531859E0,9.488318679E0,-5.351813121E-1,1.796680119E0,1.874694238E0
1.737500000E1,-2.405130301E0,9.638042022E0,-5.351813121E-1,1.796680119E0,1.874694238E0
1.741666667E1,-2.405130301E0,9.638042022E0,-6.880902584E-1,1.643771173E0,1.781979762E0
1.745833333E1,-2.462471156E0,9.775022953E0,-6.880902584E-1,1.643771173E0,1.781979762E0
1.750000000E1,-2.462471156E0,9.775022953E0,-5.925221669E-1,1.796680119E0,1.891862037E0
1.754166667E1,-2.511848003E0,9.924746296E0,-5.925221669E-1,1.796680119E0,1.891862037E0
1.758333333E1,-2.511848003E0,9.924746296E0,-9.365672961E-1,1.930475447E0,2.145668603E0
1.762500000E1,-2.589895278E0,1.008561925E1,-9.365672961E-1,1.930475447E0,2.145668603E0
1.766666667E1,-2.589895278E0,1.008561925E1,-7.263174950E-1,2.255406958E0,2.369472019E0
1.770833333E1,-2.650421736E0,1.027356983E1,-7.263174950E-1,2.255406958E0,2.369472019E0
1.775000000E1,-2.650421736E0,1.027356983E1,-8.601128230E-1,2.484770377E0,2.629425393E0
1.779166667E1,-2.722097805E0,1.048063403E1,-8.601128230E-1,2.484770377E0,2.629425393E0
1.783333333E1,-2.722097805E0,1.048063403E1,-1.165930716E0,3.383110437E0,3.578383806E0
1.787500000E1,-2.819258698E0,1.076255990E1,-1.165930716E0,3.383110437E0,3.578383806E0
